800.073	37.9581	200	49.9995	3.06144	0.0420135	384
532.164	34.9029	200.013	41.1111	2.06987	0.0919384	312
411.029	14.755	200.01	36.5479	1.63584	0.147185	369
271.352	40.7879	200.017	29.6615	1.0775	0.339301	308
310.629	26.8587	200.021	32.4479	1.28947	0.236939	308
600.8	34.3097	200.069	31.1824	1.19115	0.278009	315
744.985	43.5741	200.069	30.2271	1.11928	0.314854	319
677.954	25.6406	200.533	29.4105	1.06207	0.353758	316
749.721	28.5465	200.215	28.7763	1.01515	0.384157	316
968.262	30.3757	200.653	28.0814	0.968827	0.426407	320
306.313	28.9172	200.006	22.9916	0.647358	0.939758	307
709.809	14.8455	200.344	27.1831	0.906443	0.483383	311
834.674	37.6754	200.201	26.6511	0.870683	0.522039	320
454.039	21.7143	200.327	26.229	0.843856	0.557504	311
337.667	19.4838	200.155	25.8648	0.819876	0.588065	373
729.644	14.8617	200	25.5045	0.796579	0.620554	373
594.451	47.6452	-328.75	-22.3522	-1.0057	-4.67174	313
947.616	43.1794	200.224	24.906	0.760484	0.684682	323
853.968	41.0251	200.36	24.6223	0.743757	0.718251	320
607.769	26.8493	200.356	24.3176	0.725449	0.754884	314
671.37	19.5835	200.075	24.7974	0.753299	0.695204	243
312.594	39.6899	198.967	-12.335	0.185365	11.1671	372
246.224	16.1152	200.027	23.5809	0.681039	0.849538	302
268.562	13.3057	200.027	23.3505	0.667799	0.883566	303
533.024	39.3129	200	23.1465	0.656092	0.914762	377
769.496	39.9286	200.2	22.9611	0.646268	0.947498	318
530.717	34.7827	820.46	43.6427	9.5685	4.99672	311
464.013	26.7571	200.018	19.1633	0.449754	1.94754	311
478.012	17.6318	198.964	-12.333	0.1853	11.174	472
706.878	15.2489	200.065	22.1674	0.601958	1.08845	310
841.002	38.5683	200	21.9991	0.592656	1.12107	382
678.737	16.2274	200.053	21.8134	0.582851	1.16064	309
716.946	13.2163	200.038	21.6762	0.575497	1.19005	309
480.423	16.7286	200.046	21.4763	0.564954	1.23514	307
254.277	17.3128	200.01	18.9454	0.439566	2.03844	302
758.463	37.2612	200	21.1773	0.549208	1.30547	380
923.602	40.1857	200.033	29.3722	1.05667	0.35295	317
505.729	15.156	200.054	20.1844	0.499046	1.58321	240
963.216	30.3532	200.01	19.9768	0.48873	1.64894	250
831.64	47.7542	198.94	-12.3341	0.185312	11.1659	390
223.064	45.8394	200.051	20.4424	0.511881	1.50473	311
566.031	11.1612	200	20.912	0.53553	1.373	305
827.84	27.3352	198.963	-12.3344	0.185342	11.1686	479
851.772	32.592	348.393	22.7939	1.10834	5.14151	314
948.863	29.1897	200.083	21.2407	0.552732	1.29156	249
372.765	16.6153	200.008	19.7522	0.477796	1.72518	370
338.097	29.2516	200.016	19.6211	0.471494	1.77198	375
320.1	47.0546	200.083	19.4961	0.46566	1.81972	378
868.141	40.4654	198.977	-12.3349	0.185368	11.1694	388
888.365	30.3965	199.978	19.9692	0.488281	1.65068	249
874.774	15.9775	200.902	31.1967	1.1972	0.280981	309
883.389	43.9843	200.24	18.9934	0.442306	2.02488	321
876.872	38.2722	200	18.9407	0.439325	2.04017	382
693.306	48.3652	200.166	18.9473	0.439998	2.04237	382
510.843	46.7813	200.545	18.9607	0.441453	2.04822	317
750.689	24.0765	200.066	19.8478	0.482573	1.69367	244
706.235	45.9189	200.186	18.9461	0.439986	2.04353	318
559.81	14.9626	200.012	19.8407	0.482099	1.69473	240
848.898	43.2429	200.054	18.9432	0.439559	2.04073	321
275.895	31.956	211.117	19.2861	0.480812	2.23229	311
266.302	45.3042	200.063	18.9432	0.43958	2.04102	312
987.367	34.9641	200.01	19.879	0.483953	1.68165	250
692.598	17.2613	201.07	20.1411	0.499433	1.62132	244
229.112	43.5841	200	18.9394	0.439265	2.04071	385
999.995	44.4318	198.939	-12.3336	0.185295	11.1676	391
658.862	12.9643	199.759	26.6119	0.866209	0.521649	306
778.494	29.9502	198.96	-12.3348	0.185349	11.1669	480
817.131	36.9284	200.067	18.9422	0.439542	2.04158	322
997.275	11.8286	198.958	-12.3357	0.185377	11.163	481
493.475	39.3262	200.116	18.9466	0.439857	2.04116	378
439.927	10.0362	200.013	18.9408	0.439359	2.0405	368
801.335	44.2678	200.099	18.951	0.440021	2.03874	387
526.559	46.3396	200.147	18.9495	0.440059	2.04085	316
264.589	32.412	200.007	18.9702	0.440709	2.02774	309
665.408	11.062	200.053	18.945	0.439642	2.03993	379
437.197	36.4886	269.106	20.9152	0.720795	3.34259	310
678.293	27.0875	201.628	18.9908	0.445246	2.06843	320
519.967	35.6633	200.016	18.94	0.439329	2.04094	317
778.499	32.8768	200	18.9402	0.439303	2.04037	380
461.441	21.546	1000.11	43.649	11.667	9.04484	308
736.453	22.3118	199.986	19.9176	0.485776	1.66805	244
993.806	46.2864	200.4	18.953	0.440776	2.04709	322
516.813	20.554	200.058	18.9419	0.439507	2.04144	314
699.667	10.5163	198.962	-12.3344	0.185341	11.1684	478
881.584	12.5644	199.007	-12.337	0.185462	11.1667	381
264.655	37.2436	210.706	19.2735	0.479251	2.22507	312
804.24	46.5044	200.119	18.9498	0.440009	2.03987	386
901.276	40.1096	200.189	18.945	0.439941	2.04409	319
231.053	48.0738	200.056	18.944	0.439602	2.04046	375
911.478	48.317	200.298	18.9543	0.440611	2.04343	320
616.081	17.9857	200.008	19.7658	0.478453	1.72046	242
384.526	37.6752	208.268	19.1976	0.46998	2.18294	315
269.037	47.5968	200.023	38.4282	1.80861	0.120448	312
241.984	47.4822	199.999	18.9441	0.439481	2.03867	376
345.001	22.6556	200.028	18.9406	0.43938	2.04108	310
284.273	40.4212	200	18.9425	0.439407	2.0394	373
640.004	32.3568	200.006	18.941	0.439351	2.04025	448
299.879	10.279	200.013	20.4232	0.510823	1.50951	236
617.721	34.8634	200.044	18.9427	0.439514	2.04066	317
258.975	26.7947	200.016	18.941	0.439376	2.04051	375
707.735	18.2451	200.087	18.943	0.439621	2.04184	312
