0.383279 4.6113
1.1721 3.98681
1.03294 1.8341
1.97866 1.12843
3.25328 1.94806
3.8002 2.48828
2.79314 2.25328
1.13804 1.37655
-0.632011 1.51672
-4.90253 5.46944
-5.75703 13.3251
-8.66394 17.564
-16.6115 17.4763
-15.1062 16.9485
-8.11372 15.3021
-1.98558 7.64018
-1.51955 3.26534
1.94738 -1.18861
12.0848 -6.38995
15.3299 -9.6282
15.0423 -13.0062
13.1939 -11.55
10.7576 -4.40042
4.59589 -0.318103
3.0188 0.50798
1.86569 2.14853
1.55544 2.46562
1.27388 2.70452
1.14559 2.86685
1.06673 2.92733
1.03694 2.96542
1.01838 2.98096
1.00981 2.99017
1.00517 2.99502
1.00247 2.99736
1.00132 2.99878
