-2.03629 -1.41231
-1.67193 -0.88283
-1.3513 -0.41689
-1.06914 -0.00686319
-0.820847 0.35396
-0.602345 0.671485
-0.410064 0.950907
-0.240856 1.1968
-0.0919535 1.41318
0.0390809 1.6036
0.154391 1.77117
0.255864 1.91863
0.345161 2.04839
0.423741 2.16259
0.492892 2.26308
0.553745 2.35151
0.607296 2.42933
0.65442 2.49781
0.69589 2.55807
0.732383 2.6111
0.764497 2.65777
0.792757 2.69884
0.817627 2.73498
0.839511 2.76678
0.85877 2.79477
0.875718 2.81939
0.890632 2.84107
0.903756 2.86014
0.915305 2.87692
0.925468 2.89169
0.934412 2.90469
0.942283 2.91613
0.949209 2.92619
0.955304 2.93505
0.960667 2.94284
0.965387 2.9497
0.969541 2.95574
0.973196 2.96105
0.976412 2.96572
0.979243 2.96984
0.981734 2.97346
0.983926 2.97664
0.985855 2.97944
0.987552 2.98191
0.989046 2.98408
0.99036 2.98599
0.991517 2.98767
0.992535 2.98915
0.993431 2.99045
0.994219 2.9916
0.994913 2.99261
0.995523 2.99349
