9.66124 2.47158
-0.224963 -5.20911
9.12574 5.81779
-3.33022 -5.36427
9.89574 8.82987
-6.37582 -6.70588
11.7928 12.022
-9.81965 -9.16549
14.8428 15.82
-14.0757 -12.8531
19.2341 20.6433
-19.5844 -18.0334
25.3089 26.9677
-26.8708 -25.1301
33.5791 35.382
-36.6025 -34.7523
44.7627 46.6489
-49.6555 -47.742
59.8434 61.7776
-67.1952 -65.2452
80.1544 82.1164
-90.7827 -88.8115
107.496 109.474
-122.514 -120.531
144.292 146.279
-165.207 -163.216
193.809 195.802
-222.651 -220.657
260.441 262.437
-299.947 -297.951
350.102 352.1
-403.956 -401.958
470.751 472.749
-543.91 -541.911
633.096 635.095
-732.231 -730.231
851.548 853.548
-985.636 -983.636
1145.5 1147.5
-1326.62 -1324.62
1541.04 1543.04
-1785.44 -1783.44
2073.27 2075.27
-2402.84 -2400.84
2789.45 2791.45
-3233.6 -3231.6
3753.14 3755.14
-4351.48 -4349.48
5049.88 5051.88
-5855.7 -5853.7
6794.77 6796.77
-7879.77 -7877.77
9142.69 9144.69
-10603.4 -10601.4
12302.1 12304.1
-14268.2 -14266.2
16553.3 16555.3
-19199.7 -19197.7
22273.8 22275.8
-25835.4 -25833.4
29971.3 29973.3
-34764.5 -34762.5
40329 40331
-46779.5 -46777.5
54266.3 54268.3
-62946.8 -62944.8
73020.4 73022.4
-84701.6 -84699.6
98256 98258
-113975 -113973
132213 132215
-153365 -153363
177905 177907
-206368 -206366
239389 239391
-277689 -277687
322122 322124
-373659 -373657
433446 433448
-502796 -502794
583245 583247
-676562 -676560
784814 784816
-910382 -910380
1.05605e+06 1.05605e+06
-1.22501e+06 -1.22501e+06
1.42101e+06 1.42102e+06
-1.64838e+06 -1.64837e+06
1.91212e+06 1.91212e+06
-2.21805e+06 -2.21805e+06
2.57294e+06 2.57295e+06
-2.98461e+06 -2.98461e+06
3.46215e+06 3.46216e+06
-4.0161e+06 -4.01609e+06
4.65867e+06 4.65868e+06
-5.40406e+06 -5.40406e+06
6.26871e+06 6.26871e+06
-7.2717e+06 -7.2717e+06
8.43518e+06 8.43518e+06
-9.7848e+06 -9.7848e+06
1.13504e+07 1.13504e+07
-1.31664e+07 -1.31664e+07
1.52731e+07 1.52731e+07
-1.77168e+07 -1.77167e+07
2.05514e+07 2.05514e+07
-2.38397e+07 -2.38397e+07
2.7654e+07 2.7654e+07
-3.20786e+07 -3.20786e+07
3.72112e+07 3.72112e+07
-4.3165e+07 -4.3165e+07
5.00714e+07 5.00714e+07
-5.80829e+07 -5.80829e+07
6.73761e+07 6.73761e+07
-7.81563e+07 -7.81563e+07
9.06613e+07 9.06613e+07
-1.05167e+08 -1.05167e+08
1.21994e+08 1.21994e+08
-1.41513e+08 -1.41513e+08
1.64155e+08 1.64155e+08
-1.9042e+08 -1.9042e+08
2.20887e+08 2.20887e+08
-2.56229e+08 -2.56229e+08
2.97225e+08 2.97225e+08
-3.44781e+08 -3.44781e+08
3.99946e+08 3.99946e+08
-4.63938e+08 -4.63938e+08
5.38168e+08 5.38168e+08
-6.24275e+08 -6.24275e+08
7.24159e+08 7.24159e+08
-8.40024e+08 -8.40024e+08
9.74428e+08 9.74428e+08
-1.13034e+09 -1.13034e+09
1.31119e+09 1.31119e+09
-1.52098e+09 -1.52098e+09
1.76434e+09 1.76434e+09
-2.04663e+09 -2.04663e+09
2.37409e+09 2.37409e+09
-2.75395e+09 -2.75395e+09
3.19458e+09 3.19458e+09
-3.70571e+09 -3.70571e+09
4.29863e+09 4.29863e+09
-4.98641e+09 -4.98641e+09
5.78423e+09 5.78423e+09
-6.70971e+09 -6.70971e+09
7.78326e+09 7.78326e+09
-9.02858e+09 -9.02858e+09
1.04732e+10 1.04732e+10
-1.21489e+10 -1.21489e+10
1.40927e+10 1.40927e+10
-1.63475e+10 -1.63475e+10
1.89631e+10 1.89631e+10
-2.19972e+10 -2.19972e+10
2.55168e+10 2.55168e+10
-2.95994e+10 -2.95994e+10
3.43354e+10 3.43354e+10
-3.9829e+10 -3.9829e+10
4.62017e+10 4.62017e+10
-5.35939e+10 -5.35939e+10
6.21689e+10 6.21689e+10
-7.2116e+10 -7.2116e+10
8.36545e+10 8.36545e+10
-9.70393e+10 -9.70393e+10
1.12566e+11 1.12566e+11
-1.30576e+11 -1.30576e+11
1.51468e+11 1.51468e+11
-1.75703e+11 -1.75703e+11
2.03816e+11 2.03816e+11
-2.36426e+11 -2.36426e+11
2.74254e+11 2.74254e+11
-3.18135e+11 -3.18135e+11
3.69037e+11 3.69037e+11
-4.28082e+11 -4.28082e+11
4.96576e+11 4.96576e+11
-5.76028e+11 -5.76028e+11
6.68192e+11 6.68192e+11
-7.75103e+11 -7.75103e+11
8.99119e+11 8.99119e+11
-1.04298e+12 -1.04298e+12
1.20985e+12 1.20985e+12
-1.40343e+12 -1.40343e+12
1.62798e+12 1.62798e+12
-1.88846e+12 -1.88846e+12
2.19061e+12 2.19061e+12
-2.54111e+12 -2.54111e+12
2.94769e+12 2.94769e+12
-3.41932e+12 -3.41932e+12
3.96641e+12 3.96641e+12
-4.60103e+12 -4.60103e+12
5.3372e+12 5.3372e+12
-6.19115e+12 -6.19115e+12
7.18173e+12 7.18173e+12
-8.33081e+12 -8.33081e+12
9.66374e+12 9.66374e+12
-1.12099e+13 -1.12099e+13
1.30035e+13 1.30035e+13
-1.50841e+13 -1.50841e+13
1.74975e+13 1.74975e+13
-2.02972e+13 -2.02972e+13
2.35447e+13 2.35447e+13
-2.73118e+13 -2.73118e+13
3.16817e+13 3.16817e+13
-3.67508e+13 -3.67508e+13
4.2631e+13 4.2631e+13
-4.94519e+13 -4.94519e+13
5.73642e+13 5.73642e+13
-6.65425e+13 -6.65425e+13
7.71893e+13 7.71893e+13
-8.95396e+13 -8.95396e+13
1.03866e+14 1.03866e+14
-1.20484e+14 -1.20484e+14
1.39762e+14 1.39762e+14
-1.62124e+14 -1.62124e+14
1.88064e+14 1.88064e+14
-2.18154e+14 -2.18154e+14
2.53058e+14 2.53058e+14
-2.93548e+14 -2.93548e+14
3.40516e+14 3.40516e+14
-3.94998e+14 -3.94998e+14
4.58198e+14 4.58198e+14
-5.31509e+14 -5.31509e+14
6.16551e+14 6.16551e+14
-7.15199e+14 -7.15199e+14
8.29631e+14 8.29631e+14
-9.62372e+14 -9.62372e+14
1.11635e+15 1.11635e+15
-1.29497e+15 -1.29497e+15
1.50216e+15 1.50216e+15
-1.74251e+15 -1.74251e+15
2.02131e+15 2.02131e+15
-2.34472e+15 -2.34472e+15
2.71987e+15 2.71987e+15
-3.15505e+15 -3.15505e+15
3.65986e+15 3.65986e+15
-4.24544e+15 -4.24544e+15
4.92471e+15 4.92471e+15
-5.71266e+15 -5.71266e+15
6.62669e+15 6.62669e+15
-7.68696e+15 -7.68696e+15
8.91687e+15 8.91687e+15
-1.03436e+16 -1.03436e+16
1.19985e+16 1.19985e+16
-1.39183e+16 -1.39183e+16
1.61452e+16 1.61452e+16
-1.87285e+16 -1.87285e+16
2.1725e+16 2.1725e+16
-2.5201e+16 -2.5201e+16
2.92332e+16 2.92332e+16
-3.39105e+16 -3.39105e+16
3.93362e+16 3.93362e+16
-4.563e+16 -4.563e+16
5.29308e+16 5.29308e+16
-6.13997e+16 -6.13997e+16
7.12237e+16 7.12237e+16
-8.26195e+16 -8.26195e+16
9.58386e+16 9.58386e+16
-1.11173e+17 -1.11173e+17
1.2896e+17 1.2896e+17
-1.49594e+17 -1.49594e+17
1.73529e+17 1.73529e+17
-2.01294e+17 -2.01294e+17
2.33501e+17 2.33501e+17
-2.70861e+17 -2.70861e+17
3.14199e+17 3.14199e+17
-3.64471e+17 -3.64471e+17
4.22786e+17 4.22786e+17
-4.90432e+17 -4.90432e+17
5.68901e+17 5.68901e+17
-6.59925e+17 -6.59925e+17
7.65513e+17 7.65513e+17
-8.87995e+17 -8.87995e+17
1.03007e+18 1.03007e+18
-1.19489e+18 -1.19489e+18
1.38607e+18 1.38607e+18
-1.60784e+18 -1.60784e+18
1.86509e+18 1.86509e+18
-2.16351e+18 -2.16351e+18
2.50967e+18 2.50967e+18
-2.91121e+18 -2.91121e+18
3.37701e+18 3.37701e+18
-3.91733e+18 -3.91733e+18
4.5441e+18 4.5441e+18
-5.27116e+18 -5.27116e+18
6.11455e+18 6.11455e+18
-7.09287e+18 -7.09287e+18
8.22773e+18 8.22773e+18
-9.54417e+18 -9.54417e+18
1.10712e+19 1.10712e+19
-1.28426e+19 -1.28426e+19
1.48975e+19 1.48975e+19
-1.7281e+19 -1.7281e+19
2.0046e+19 2.0046e+19
-2.32534e+19 -2.32534e+19
2.69739e+19 2.69739e+19
-3.12897e+19 -3.12897e+19
3.62961e+19 3.62961e+19
-4.21035e+19 -4.21035e+19
4.884e+19 4.884e+19
-5.66544e+19 -5.66544e+19
6.57192e+19 6.57192e+19
-7.62342e+19 -7.62342e+19
8.84317e+19 8.84317e+19
-1.02581e+20 -1.02581e+20
1.18994e+20 1.18994e+20
-1.38033e+20 -1.38033e+20
1.60118e+20 1.60118e+20
-1.85737e+20 -1.85737e+20
2.15455e+20 2.15455e+20
-2.49927e+20 -2.49927e+20
2.89916e+20 2.89916e+20
-3.36302e+20 -3.36302e+20
3.90111e+20 3.90111e+20
-4.52528e+20 -4.52528e+20
5.24933e+20 5.24933e+20
-6.08922e+20 -6.08922e+20
7.0635e+20 7.0635e+20
-8.19366e+20 -8.19366e+20
9.50464e+20 9.50464e+20
-1.10254e+21 -1.10254e+21
1.27894e+21 1.27894e+21
-1.48358e+21 -1.48358e+21
1.72095e+21 1.72095e+21
-1.9963e+21 -1.9963e+21
2.31571e+21 2.31571e+21
-2.68622e+21 -2.68622e+21
3.11602e+21 3.11602e+21
-3.61458e+21 -3.61458e+21
4.19291e+21 4.19291e+21
-4.86378e+21 -4.86378e+21
5.64198e+21 5.64198e+21
-6.5447e+21 -6.5447e+21
7.59185e+21 7.59185e+21
-8.80655e+21 -8.80655e+21
1.02156e+22 1.02156e+22
-1.18501e+22 -1.18501e+22
1.37461e+22 1.37461e+22
-1.59455e+22 -1.59455e+22
1.84968e+22 1.84968e+22
-2.14562e+22 -2.14562e+22
2.48892e+22 2.48892e+22
-2.88715e+22 -2.88715e+22
3.3491e+22 3.3491e+22
-3.88495e+22 -3.88495e+22
4.50654e+22 4.50654e+22
-5.22759e+22 -5.22759e+22
6.064e+22 6.064e+22
-7.03425e+22 -7.03425e+22
8.15972e+22 8.15972e+22
-9.46528e+22 -9.46528e+22
1.09797e+23 1.09797e+23
-1.27365e+23 -1.27365e+23
1.47743e+23 1.47743e+23
-1.71382e+23 -1.71382e+23
1.98803e+23 1.98803e+23
-2.30612e+23 -2.30612e+23
2.6751e+23 2.6751e+23
-3.10311e+23 -3.10311e+23
3.59961e+23 3.59961e+23
-4.17555e+23 -4.17555e+23
4.84363e+23 4.84363e+23
-5.61862e+23 -5.61862e+23
6.51759e+23 6.51759e+23
-7.56041e+23 -7.56041e+23
8.77008e+23 8.77008e+23
-1.01733e+24 -1.01733e+24
1.1801e+24 1.1801e+24
-1.36892e+24 -1.36892e+24
1.58794e+24 1.58794e+24
-1.84202e+24 -1.84202e+24
2.13674e+24 2.13674e+24
-2.47862e+24 -2.47862e+24
2.87519e+24 2.87519e+24
-3.33523e+24 -3.33523e+24
3.86886e+24 3.86886e+24
-4.48788e+24 -4.48788e+24
5.20594e+24 5.20594e+24
-6.03889e+24 -6.03889e+24
7.00511e+24 7.00511e+24
-8.12593e+24 -8.12593e+24
9.42608e+24 9.42608e+24
-1.09343e+25 -1.09343e+25
1.26837e+25 1.26837e+25
-1.47131e+25 -1.47131e+25
1.70672e+25 1.70672e+25
-1.9798e+25 -1.9798e+25
2.29657e+25 2.29657e+25
-2.66402e+25 -2.66402e+25
3.09026e+25 3.09026e+25
-3.5847e+25 -3.5847e+25
4.15825e+25 4.15825e+25
-4.82357e+25 -4.82357e+25
5.59535e+25 5.59535e+25
-6.4906e+25 -6.4906e+25
7.5291e+25 7.5291e+25
-8.73375e+25 -8.73375e+25
1.01312e+26 1.01312e+26
-1.17521e+26 -1.17521e+26
1.36325e+26 1.36325e+26
-1.58137e+26 -1.58137e+26
1.83439e+26 1.83439e+26
-2.12789e+26 -2.12789e+26
2.46835e+26 2.46835e+26
-2.86329e+26 -2.86329e+26
3.32141e+26 3.32141e+26
-3.85284e+26 -3.85284e+26
4.46929e+26 4.46929e+26
-5.18438e+26 -5.18438e+26
6.01388e+26 6.01388e+26
-6.9761e+26 -6.9761e+26
8.09228e+26 8.09228e+26
-9.38704e+26 -9.38704e+26
1.0889e+27 1.0889e+27
-1.26312e+27 -1.26312e+27
1.46522e+27 1.46522e+27
-1.69965e+27 -1.69965e+27
1.9716e+27 1.9716e+27
-2.28706e+27 -2.28706e+27
2.65298e+27 2.65298e+27
-3.07746e+27 -3.07746e+27
3.56986e+27 3.56986e+27
-4.14103e+27 -4.14103e+27
4.8036e+27 4.8036e+27
-5.57217e+27 -5.57217e+27
6.46372e+27 6.46372e+27
-7.49792e+27 -7.49792e+27
8.69758e+27 8.69758e+27
-1.00892e+28 -1.00892e+28
1.17035e+28 1.17035e+28
-1.3576e+28 -1.3576e+28
1.57482e+28 1.57482e+28
-1.82679e+28 -1.82679e+28
2.11908e+28 2.11908e+28
-2.45813e+28 -2.45813e+28
2.85143e+28 2.85143e+28
-3.30766e+28 -3.30766e+28
3.83688e+28 3.83688e+28
-4.45078e+28 -4.45078e+28
5.16291e+28 5.16291e+28
-5.98898e+28 -5.98898e+28
6.94721e+28 6.94721e+28
-8.05877e+28 -8.05877e+28
9.34817e+28 9.34817e+28
-1.08439e+29 -1.08439e+29
1.25789e+29 1.25789e+29
-1.45915e+29 -1.45915e+29
1.69262e+29 1.69262e+29
-1.96343e+29 -1.96343e+29
2.27758e+29 2.27758e+29
-2.642e+29 -2.642e+29
3.06472e+29 3.06472e+29
-3.55507e+29 -3.55507e+29
4.12388e+29 4.12388e+29
-4.7837e+29 -4.7837e+29
5.5491e+29 5.5491e+29
-6.43695e+29 -6.43695e+29
7.46687e+29 7.46687e+29
-8.66156e+29 -8.66156e+29
1.00474e+30 1.00474e+30
-1.1655e+30 -1.1655e+30
1.35198e+30 1.35198e+30
-1.5683e+30 -1.5683e+30
1.81922e+30 1.81922e+30
-2.1103e+30 -2.1103e+30
2.44795e+30 2.44795e+30
-2.83962e+30 -2.83962e+30
3.29396e+30 3.29396e+30
-3.82099e+30 -3.82099e+30
4.43235e+30 4.43235e+30
-5.14153e+30 -5.14153e+30
5.96417e+30 5.96417e+30
-6.91844e+30 -6.91844e+30
8.02539e+30 8.02539e+30
-9.30945e+30 -9.30945e+30
1.0799e+31 1.0799e+31
-1.25268e+31 -1.25268e+31
1.45311e+31 1.45311e+31
-1.68561e+31 -1.68561e+31
1.9553e+31 1.9553e+31
-2.26815e+31 -2.26815e+31
2.63106e+31 2.63106e+31
-3.05202e+31 -3.05202e+31
3.54035e+31 3.54035e+31
-4.1068e+31 -4.1068e+31
4.76389e+31 4.76389e+31
-5.52612e+31 -5.52612e+31
6.41029e+31 6.41029e+31
-7.43594e+31 -7.43594e+31
8.62569e+31 8.62569e+31
-1.00058e+32 -1.00058e+32
1.16067e+32 1.16067e+32
-1.34638e+32 -1.34638e+32
1.5618e+32 1.5618e+32
-1.81169e+32 -1.81169e+32
2.10156e+32 2.10156e+32
-2.43781e+32 -2.43781e+32
2.82786e+32 2.82786e+32
-3.28032e+32 -3.28032e+32
3.80517e+32 3.80517e+32
-4.414e+32 -4.414e+32
5.12023e+32 5.12023e+32
-5.93947e+32 -5.93947e+32
6.88979e+32 6.88979e+32
-7.99215e+32 -7.99215e+32
9.2709e+32 9.2709e+32
-1.07542e+33 -1.07542e+33
1.24749e+33 1.24749e+33
-1.44709e+33 -1.44709e+33
1.67863e+33 1.67863e+33
-1.94721e+33 -1.94721e+33
2.25876e+33 2.25876e+33
-2.62016e+33 -2.62016e+33
3.03939e+33 3.03939e+33
-3.52569e+33 -3.52569e+33
4.0898e+33 4.0898e+33
-4.74416e+33 -4.74416e+33
5.50323e+33 5.50323e+33
-6.38375e+33 -6.38375e+33
7.40515e+33 7.40515e+33
-8.58997e+33 -8.58997e+33
9.96437e+33 9.96437e+33
-1.15587e+34 -1.15587e+34
1.34081e+34 1.34081e+34
-1.55533e+34 -1.55533e+34
1.80419e+34 1.80419e+34
-2.09286e+34 -2.09286e+34
2.42771e+34 2.42771e+34
-2.81615e+34 -2.81615e+34
3.26673e+34 3.26673e+34
-3.78941e+34 -3.78941e+34
4.39572e+34 4.39572e+34
-5.09903e+34 -5.09903e+34
5.91487e+34 5.91487e+34
-6.86125e+34 -6.86125e+34
7.95905e+34 7.95905e+34
-9.2325e+34 -9.2325e+34
1.07097e+35 1.07097e+35
-1.24233e+35 -1.24233e+35
1.4411e+35 1.4411e+35
-1.67167e+35 -1.67167e+35
1.93914e+35 1.93914e+35
-2.2494e+35 -2.2494e+35
2.60931e+35 2.60931e+35
-3.0268e+35 -3.0268e+35
3.51109e+35 3.51109e+35
-4.07286e+35 -4.07286e+35
4.72452e+35 4.72452e+35
-5.48044e+35 -5.48044e+35
6.35731e+35 6.35731e+35
-7.37448e+35 -7.37448e+35
8.5544e+35 8.5544e+35
-9.9231e+35 -9.9231e+35
1.15108e+36 1.15108e+36
-1.33525e+36 -1.33525e+36
1.54889e+36 1.54889e+36
-1.79672e+36 -1.79672e+36
2.08419e+36 2.08419e+36
-2.41766e+36 -2.41766e+36
2.80449e+36 2.80449e+36
-3.2532e+36 -3.2532e+36
3.77372e+36 3.77372e+36
-4.37751e+36 -4.37751e+36
5.07791e+36 5.07791e+36
-5.89038e+36 -5.89038e+36
6.83284e+36 6.83284e+36
-7.92609e+36 -7.92609e+36
9.19427e+36 9.19427e+36
-1.06654e+37 -1.06654e+37
1.23718e+37 1.23718e+37
-1.43513e+37 -1.43513e+37
1.66475e+37 1.66475e+37
-1.93111e+37 -1.93111e+37
2.24009e+37 2.24009e+37
-2.5985e+37 -2.5985e+37
3.01426e+37 3.01426e+37
-3.49654e+37 -3.49654e+37
4.05599e+37 4.05599e+37
-4.70495e+37 -4.70495e+37
5.45774e+37 5.45774e+37
-6.33098e+37 -6.33098e+37
7.34394e+37 7.34394e+37
-8.51897e+37 -8.51897e+37
9.882e+37 9.882e+37
-1.14631e+38 -1.14631e+38
1.32972e+38 1.32972e+38
-1.54248e+38 -1.54248e+38
1.78927e+38 1.78927e+38
-2.07556e+38 -2.07556e+38
2.40765e+38 2.40765e+38
-2.79287e+38 -2.79287e+38
3.23973e+38 3.23973e+38
-3.75809e+38 -3.75809e+38
4.35938e+38 4.35938e+38
-5.05688e+38 -5.05688e+38
5.86598e+38 5.86598e+38
-6.80454e+38 -6.80454e+38
7.89327e+38 7.89327e+38
-9.15619e+38 -9.15619e+38
1.06212e+39 1.06212e+39
-1.23206e+39 -1.23206e+39
1.42919e+39 1.42919e+39
-1.65786e+39 -1.65786e+39
1.92311e+39 1.92311e+39
-2.23081e+39 -2.23081e+39
2.58774e+39 2.58774e+39
-3.00178e+39 -3.00178e+39
3.48206e+39 3.48206e+39
-4.03919e+39 -4.03919e+39
4.68546e+39 4.68546e+39
-5.43514e+39 -5.43514e+39
6.30476e+39 6.30476e+39
-7.31352e+39 -7.31352e+39
8.48369e+39 8.48369e+39
-9.84108e+39 -9.84108e+39
1.14156e+40 1.14156e+40
-1.32422e+40 -1.32422e+40
1.53609e+40 1.53609e+40
-1.78186e+40 -1.78186e+40
2.06696e+40 2.06696e+40
-2.39768e+40 -2.39768e+40
2.7813e+40 2.7813e+40
-3.22631e+40 -3.22631e+40
3.74252e+40 3.74252e+40
-4.34133e+40 -4.34133e+40
5.03594e+40 5.03594e+40
-5.84169e+40 -5.84169e+40
6.77636e+40 6.77636e+40
-7.86058e+40 -7.86058e+40
9.11827e+40 9.11827e+40
-1.05772e+41 -1.05772e+41
1.22695e+41 1.22695e+41
-1.42327e+41 -1.42327e+41
1.65099e+41 1.65099e+41
-1.91515e+41 -1.91515e+41
2.22157e+41 2.22157e+41
-2.57702e+41 -2.57702e+41
2.98935e+41 2.98935e+41
-3.46764e+41 -3.46764e+41
4.02247e+41 4.02247e+41
-4.66606e+41 -4.66606e+41
5.41263e+41 5.41263e+41
-6.27865e+41 -6.27865e+41
7.28324e+41 7.28324e+41
-8.44855e+41 -8.44855e+41
9.80032e+41 9.80032e+41
-1.13684e+42 -1.13684e+42
1.31873e+42 1.31873e+42
-1.52973e+42 -1.52973e+42
1.77448e+42 1.77448e+42
-2.0584e+42 -2.0584e+42
2.38775e+42 2.38775e+42
-2.76979e+42 -2.76979e+42
3.21295e+42 3.21295e+42
-3.72702e+42 -3.72702e+42
4.32335e+42 4.32335e+42
-5.01508e+42 -5.01508e+42
5.8175e+42 5.8175e+42
-6.7483e+42 -6.7483e+42
7.82802e+42 7.82802e+42
-9.08051e+42 -9.08051e+42
1.05334e+43 1.05334e+43
-1.22187e+43 -1.22187e+43
1.41737e+43 1.41737e+43
-1.64415e+43 -1.64415e+43
1.90722e+43 1.90722e+43
-2.21237e+43 -2.21237e+43
2.56635e+43 2.56635e+43
-2.97697e+43 -2.97697e+43
3.45328e+43 3.45328e+43
-4.00581e+43 -4.00581e+43
4.64674e+43 4.64674e+43
-5.39021e+43 -5.39021e+43
6.25265e+43 6.25265e+43
-7.25307e+43 -7.25307e+43
8.41356e+43 8.41356e+43
-9.75973e+43 -9.75973e+43
1.13213e+44 1.13213e+44
-1.31327e+44 -1.31327e+44
1.52339e+44 1.52339e+44
-1.76714e+44 -1.76714e+44
2.04988e+44 2.04988e+44
-2.37786e+44 -2.37786e+44
2.75832e+44 2.75832e+44
-3.19965e+44 -3.19965e+44
3.71159e+44 3.71159e+44
-4.30544e+44 -4.30544e+44
4.99431e+44 4.99431e+44
-5.7934e+44 -5.7934e+44
6.72035e+44 6.72035e+44
-7.7956e+44 -7.7956e+44
9.0429e+44 9.0429e+44
-1.04898e+45 -1.04898e+45
1.21681e+45 1.21681e+45
-1.4115e+45 -1.4115e+45
1.63734e+45 1.63734e+45
-1.89932e+45 -1.89932e+45
2.20321e+45 2.20321e+45
-2.55572e+45 -2.55572e+45
2.96464e+45 2.96464e+45
-3.43898e+45 -3.43898e+45
3.98922e+45 3.98922e+45
-4.62749e+45 -4.62749e+45
5.36789e+45 5.36789e+45
-6.22675e+45 -6.22675e+45
7.22303e+45 7.22303e+45
-8.37872e+45 -8.37872e+45
9.71931e+45 9.71931e+45
-1.12744e+46 -1.12744e+46
1.30783e+46 1.30783e+46
-1.51708e+46 -1.51708e+46
1.75982e+46 1.75982e+46
-2.04139e+46 -2.04139e+46
2.36801e+46 2.36801e+46
-2.74689e+46 -2.74689e+46
3.18639e+46 3.18639e+46
-3.69622e+46 -3.69622e+46
4.28761e+46 4.28761e+46
-4.97363e+46 -4.97363e+46
5.76941e+46 5.76941e+46
-6.69252e+46 -6.69252e+46
7.76332e+46 7.76332e+46
-9.00545e+46 -9.00545e+46
1.04463e+47 1.04463e+47
-1.21177e+47 -1.21177e+47
1.40566e+47 1.40566e+47
-1.63056e+47 -1.63056e+47
1.89145e+47 1.89145e+47
-2.19408e+47 -2.19408e+47
2.54514e+47 2.54514e+47
-2.95236e+47 -2.95236e+47
3.42474e+47 3.42474e+47
-3.9727e+47 -3.9727e+47
4.60833e+47 4.60833e+47
-5.34566e+47 -5.34566e+47
6.20097e+47 6.20097e+47
-7.19312e+47 -7.19312e+47
8.34402e+47 8.34402e+47
-9.67906e+47 -9.67906e+47
1.12277e+48 1.12277e+48
-1.30241e+48 -1.30241e+48
1.5108e+48 1.5108e+48
-1.75253e+48 -1.75253e+48
2.03293e+48 2.03293e+48
-2.3582e+48 -2.3582e+48
2.73552e+48 2.73552e+48
-3.1732e+48 -3.1732e+48
3.68091e+48 3.68091e+48
-4.26986e+48 -4.26986e+48
4.95303e+48 4.95303e+48
-5.74552e+48 -5.74552e+48
6.6648e+48 6.6648e+48
-7.73117e+48 -7.73117e+48
8.96816e+48 8.96816e+48
-1.04031e+49 -1.04031e+49
1.20676e+49 1.20676e+49
-1.39984e+49 -1.39984e+49
1.62381e+49 1.62381e+49
-1.88362e+49 -1.88362e+49
2.185e+49 2.185e+49
-2.5346e+49 -2.5346e+49
2.94013e+49 2.94013e+49
-3.41055e+49 -3.41055e+49
3.95624e+49 3.95624e+49
-4.58924e+49 -4.58924e+49
5.32352e+49 5.32352e+49
-6.17528e+49 -6.17528e+49
7.16333e+49 7.16333e+49
-8.30946e+49 -8.30946e+49
9.63898e+49 9.63898e+49
-1.11812e+50 -1.11812e+50
1.29702e+50 1.29702e+50
-1.50454e+50 -1.50454e+50
1.74527e+50 1.74527e+50
-2.02451e+50 -2.02451e+50
2.34844e+50 2.34844e+50
-2.72419e+50 -2.72419e+50
3.16006e+50 3.16006e+50
-3.66567e+50 -3.66567e+50
4.25217e+50 4.25217e+50
-4.93252e+50 -4.93252e+50
5.72172e+50 5.72172e+50
-6.6372e+50 -6.6372e+50
7.69915e+50 7.69915e+50
-8.93101e+50 -8.93101e+50
1.036e+51 1.036e+51
-1.20176e+51 -1.20176e+51
1.39404e+51 1.39404e+51
-1.61708e+51 -1.61708e+51
1.87582e+51 1.87582e+51
-2.17595e+51 -2.17595e+51
2.5241e+51 2.5241e+51
-2.92796e+51 -2.92796e+51
3.39643e+51 3.39643e+51
-3.93986e+51 -3.93986e+51
4.57024e+51 4.57024e+51
-5.30147e+51 -5.30147e+51
6.14971e+51 6.14971e+51
-7.13366e+51 -7.13366e+51
8.27505e+51 8.27505e+51
-9.59906e+51 -9.59906e+51
1.11349e+52 1.11349e+52
-1.29165e+52 -1.29165e+52
1.49831e+52 1.49831e+52
-1.73804e+52 -1.73804e+52
2.01613e+52 2.01613e+52
-2.33871e+52 -2.33871e+52
2.7129e+52 2.7129e+52
-3.14697e+52 -3.14697e+52
3.65048e+52 3.65048e+52
-4.23456e+52 -4.23456e+52
4.91209e+52 4.91209e+52
-5.69803e+52 -5.69803e+52
6.60971e+52 6.60971e+52
-7.66727e+52 -7.66727e+52
8.89403e+52 8.89403e+52
-1.03171e+53 -1.03171e+53
1.19678e+53 1.19678e+53
-1.38827e+53 -1.38827e+53
1.61039e+53 1.61039e+53
-1.86805e+53 -1.86805e+53
2.16694e+53 2.16694e+53
-2.51365e+53 -2.51365e+53
2.91583e+53 2.91583e+53
-3.38236e+53 -3.38236e+53
3.92354e+53 3.92354e+53
-4.55131e+53 -4.55131e+53
5.27952e+53 5.27952e+53
-6.12424e+53 -6.12424e+53
7.10412e+53 7.10412e+53
-8.24078e+53 -8.24078e+53
9.5593e+53 9.5593e+53
-1.10888e+54 -1.10888e+54
1.2863e+54 1.2863e+54
-1.49211e+54 -1.49211e+54
1.73085e+54 1.73085e+54
-2.00778e+54 -2.00778e+54
2.32903e+54 2.32903e+54
-2.70167e+54 -2.70167e+54
3.13394e+54 3.13394e+54
-3.63537e+54 -3.63537e+54
4.21703e+54 4.21703e+54
-4.89175e+54 -4.89175e+54
5.67443e+54 5.67443e+54
-6.58234e+54 -6.58234e+54
7.63551e+54 7.63551e+54
-8.85719e+54 -8.85719e+54
1.02743e+55 1.02743e+55
-1.19182e+55 -1.19182e+55
1.38252e+55 1.38252e+55
-1.60372e+55 -1.60372e+55
1.86031e+55 1.86031e+55
-2.15796e+55 -2.15796e+55
2.50324e+55 2.50324e+55
-2.90376e+55 -2.90376e+55
3.36836e+55 3.36836e+55
-3.90729e+55 -3.90729e+55
4.53246e+55 4.53246e+55
-5.25765e+55 -5.25765e+55
6.09888e+55 6.09888e+55
-7.0747e+55 -7.0747e+55
8.20665e+55 8.20665e+55
-9.51972e+55 -9.51972e+55
1.10429e+56 1.10429e+56
-1.28097e+56 -1.28097e+56
1.48593e+56 1.48593e+56
-1.72368e+56 -1.72368e+56
1.99947e+56 1.99947e+56
-2.31938e+56 -2.31938e+56
2.69048e+56 2.69048e+56
-3.12096e+56 -3.12096e+56
3.62031e+56 3.62031e+56
-4.19956e+56 -4.19956e+56
4.87149e+56 4.87149e+56
-5.65093e+56 -5.65093e+56
6.55508e+56 6.55508e+56
-7.60389e+56 -7.60389e+56
8.82051e+56 8.82051e+56
-1.02318e+57 -1.02318e+57
1.18689e+57 1.18689e+57
-1.37679e+57 -1.37679e+57
1.59708e+57 1.59708e+57
-1.85261e+57 -1.85261e+57
2.14903e+57 2.14903e+57
-2.49287e+57 -2.49287e+57
2.89173e+57 2.89173e+57
-3.35441e+57 -3.35441e+57
3.89111e+57 3.89111e+57
-4.51369e+57 -4.51369e+57
5.23588e+57 5.23588e+57
-6.07362e+57 -6.07362e+57
7.0454e+57 7.0454e+57
-8.17266e+57 -8.17266e+57
9.48029e+57 9.48029e+57
-1.09971e+58 -1.09971e+58
1.27567e+58 1.27567e+58
-1.47977e+58 -1.47977e+58
1.71654e+58 1.71654e+58
-1.99118e+58 -1.99118e+58
2.30977e+58 2.30977e+58
-2.67934e+58 -2.67934e+58
3.10803e+58 3.10803e+58
-3.60532e+58 -3.60532e+58
4.18217e+58 4.18217e+58
-4.85132e+58 -4.85132e+58
5.62753e+58 5.62753e+58
-6.52793e+58 -6.52793e+58
7.5724e+58 7.5724e+58
-8.78398e+58 -8.78398e+58
1.01894e+59 1.01894e+59
-1.18197e+59 -1.18197e+59
1.37109e+59 1.37109e+59
-1.59046e+59 -1.59046e+59
1.84494e+59 1.84494e+59
-2.14013e+59 -2.14013e+59
2.48255e+59 2.48255e+59
-2.87975e+59 -2.87975e+59
3.34051e+59 3.34051e+59
-3.875e+59 -3.875e+59
4.495e+59 4.495e+59
-5.2142e+59 -5.2142e+59
6.04847e+59 6.04847e+59
-7.01622e+59 -7.01622e+59
8.13882e+59 8.13882e+59
-9.44103e+59 -9.44103e+59
1.09516e+60 1.09516e+60
-1.27038e+60 -1.27038e+60
1.47365e+60 1.47365e+60
-1.70943e+60 -1.70943e+60
1.98294e+60 1.98294e+60
-2.30021e+60 -2.30021e+60
2.66824e+60 2.66824e+60
-3.09516e+60 -3.09516e+60
3.59039e+60 3.59039e+60
-4.16485e+60 -4.16485e+60
4.83122e+60 4.83122e+60
-5.60422e+60 -5.60422e+60
6.5009e+60 6.5009e+60
-7.54104e+60 -7.54104e+60
8.7476e+60 8.7476e+60
-1.01472e+61 -1.01472e+61
1.17708e+61 1.17708e+61
-1.36541e+61 -1.36541e+61
1.58388e+61 1.58388e+61
-1.8373e+61 -1.8373e+61
2.13126e+61 2.13126e+61
-2.47227e+61 -2.47227e+61
2.86783e+61 2.86783e+61
-3.32668e+61 -3.32668e+61
3.85895e+61 3.85895e+61
-4.47638e+61 -4.47638e+61
5.1926e+61 5.1926e+61
-6.02342e+61 -6.02342e+61
6.98716e+61 6.98716e+61
-8.10511e+61 -8.10511e+61
9.40193e+61 9.40193e+61
-1.09062e+62 -1.09062e+62
1.26512e+62 1.26512e+62
-1.46754e+62 -1.46754e+62
1.70235e+62 1.70235e+62
-1.97473e+62 -1.97473e+62
2.29068e+62 2.29068e+62
-2.65719e+62 -2.65719e+62
3.08234e+62 3.08234e+62
-3.57552e+62 -3.57552e+62
4.1476e+62 4.1476e+62
-4.81122e+62 -4.81122e+62
5.58101e+62 5.58101e+62
-6.47397e+62 -6.47397e+62
7.50981e+62 7.50981e+62
-8.71138e+62 -8.71138e+62
1.01052e+63 1.01052e+63
-1.1722e+63 -1.1722e+63
1.35976e+63 1.35976e+63
-1.57732e+63 -1.57732e+63
1.82969e+63 1.82969e+63
-2.12244e+63 -2.12244e+63
2.46203e+63 2.46203e+63
-2.85595e+63 -2.85595e+63
3.3129e+63 3.3129e+63
-3.84297e+63 -3.84297e+63
4.45784e+63 4.45784e+63
-5.1711e+63 -5.1711e+63
5.99847e+63 5.99847e+63
-6.95823e+63 -6.95823e+63
8.07154e+63 8.07154e+63
-9.36299e+63 -9.36299e+63
1.08611e+64 1.08611e+64
-1.25988e+64 -1.25988e+64
1.46147e+64 1.46147e+64
-1.6953e+64 -1.6953e+64
1.96655e+64 1.96655e+64
-2.2812e+64 -2.2812e+64
2.64619e+64 2.64619e+64
-3.06958e+64 -3.06958e+64
3.56071e+64 3.56071e+64
-4.13042e+64 -4.13042e+64
4.79129e+64 4.79129e+64
-5.5579e+64 -5.5579e+64
6.44716e+64 6.44716e+64
-7.47871e+64 -7.47871e+64
8.6753e+64 8.6753e+64
-1.00633e+65 -1.00633e+65
1.16735e+65 1.16735e+65
-1.35412e+65 -1.35412e+65
1.57078e+65 1.57078e+65
-1.82211e+65 -1.82211e+65
2.11365e+65 2.11365e+65
-2.45183e+65 -2.45183e+65
2.84412e+65 2.84412e+65
-3.29918e+65 -3.29918e+65
3.82705e+65 3.82705e+65
-4.43938e+65 -4.43938e+65
5.14968e+65 5.14968e+65
-5.97363e+65 -5.97363e+65
6.92941e+65 6.92941e+65
-8.03812e+65 -8.03812e+65
9.32422e+65 9.32422e+65
-1.08161e+66 -1.08161e+66
1.25467e+66 1.25467e+66
-1.45541e+66 -1.45541e+66
1.68828e+66 1.68828e+66
-1.9584e+66 -1.9584e+66
2.27175e+66 2.27175e+66
-2.63523e+66 -2.63523e+66
3.05686e+66 3.05686e+66
-3.54596e+66 -3.54596e+66
4.11332e+66 4.11332e+66
-4.77145e+66 -4.77145e+66
5.53488e+66 5.53488e+66
-6.42046e+66 -6.42046e+66
7.44773e+66 7.44773e+66
-8.63937e+66 -8.63937e+66
1.00217e+67 1.00217e+67
-1.16251e+67 -1.16251e+67
1.34852e+67 1.34852e+67
-1.56428e+67 -1.56428e+67
1.81456e+67 1.81456e+67
-2.10489e+67 -2.10489e+67
2.44168e+67 2.44168e+67
-2.83234e+67 -2.83234e+67
3.28552e+67 3.28552e+67
-3.8112e+67 -3.8112e+67
4.42099e+67 4.42099e+67
-5.12835e+67 -5.12835e+67
5.94889e+67 5.94889e+67
-6.90071e+67 -6.90071e+67
8.00483e+67 8.00483e+67
-9.2856e+67 -9.2856e+67
1.07713e+68 1.07713e+68
-1.24947e+68 -1.24947e+68
1.44939e+68 1.44939e+68
-1.68129e+68 -1.68129e+68
1.95029e+68 1.95029e+68
-2.26234e+68 -2.26234e+68
2.62431e+68 2.62431e+68
-3.0442e+68 -3.0442e+68
3.53128e+68 3.53128e+68
-4.09628e+68 -4.09628e+68
4.75169e+68 4.75169e+68
-5.51196e+68 -5.51196e+68
6.39387e+68 6.39387e+68
-7.41689e+68 -7.41689e+68
8.60359e+68 8.60359e+68
-9.98017e+68 -9.98017e+68
1.1577e+69 1.1577e+69
-1.34293e+69 -1.34293e+69
1.5578e+69 1.5578e+69
-1.80705e+69 -1.80705e+69
2.09618e+69 2.09618e+69
-2.43156e+69 -2.43156e+69
2.82061e+69 2.82061e+69
-3.27191e+69 -3.27191e+69
3.79542e+69 3.79542e+69
-4.40269e+69 -4.40269e+69
5.10712e+69 5.10712e+69
-5.92425e+69 -5.92425e+69
6.87213e+69 6.87213e+69
-7.97168e+69 -7.97168e+69
9.24714e+69 9.24714e+69
-1.07267e+70 -1.07267e+70
1.2443e+70 1.2443e+70
-1.44338e+70 -1.44338e+70
1.67432e+70 1.67432e+70
-1.94222e+70 -1.94222e+70
2.25297e+70 2.25297e+70
-2.61345e+70 -2.61345e+70
3.0316e+70 3.0316e+70
-3.51665e+70 -3.51665e+70
4.07932e+70 4.07932e+70
-4.73201e+70 -4.73201e+70
5.48913e+70 5.48913e+70
-6.36739e+70 -6.36739e+70
7.38617e+70 7.38617e+70
-8.56796e+70 -8.56796e+70
9.93883e+70 9.93883e+70
-1.1529e+71 -1.1529e+71
1.33737e+71 1.33737e+71
-1.55135e+71 -1.55135e+71
1.79956e+71 1.79956e+71
-2.08749e+71 -2.08749e+71
2.42149e+71 2.42149e+71
-2.80893e+71 -2.80893e+71
3.25836e+71 3.25836e+71
-3.7797e+71 -3.7797e+71
4.38445e+71 4.38445e+71
-5.08596e+71 -5.08596e+71
5.89972e+71 5.89972e+71
-6.84367e+71 -6.84367e+71
7.93866e+71 7.93866e+71
-9.20885e+71 -9.20885e+71
1.06823e+72 1.06823e+72
-1.23914e+72 -1.23914e+72
1.43741e+72 1.43741e+72
-1.66739e+72 -1.66739e+72
1.93417e+72 1.93417e+72
-2.24364e+72 -2.24364e+72
2.60262e+72 2.60262e+72
-3.01904e+72 -3.01904e+72
3.50209e+72 3.50209e+72
-4.06242e+72 -4.06242e+72
4.71241e+72 4.71241e+72
-5.4664e+72 -5.4664e+72
6.34102e+72 6.34102e+72
-7.35558e+72 -7.35558e+72
8.53248e+72 8.53248e+72
-9.89767e+72 -9.89767e+72
1.14813e+73 1.14813e+73
-1.33183e+73 -1.33183e+73
1.54492e+73 1.54492e+73
-1.79211e+73 -1.79211e+73
2.07885e+73 2.07885e+73
-2.41147e+73 -2.41147e+73
2.7973e+73 2.7973e+73
-3.24487e+73 -3.24487e+73
3.76405e+73 3.76405e+73
-4.36629e+73 -4.36629e+73
5.0649e+73 5.0649e+73
-5.87529e+73 -5.87529e+73
6.81533e+73 6.81533e+73
-7.90578e+73 -7.90578e+73
9.17071e+73 9.17071e+73
-1.0638e+74 -1.0638e+74
1.23401e+74 1.23401e+74
-1.43145e+74 -1.43145e+74
1.66048e+74 1.66048e+74
-1.92616e+74 -1.92616e+74
2.23435e+74 2.23435e+74
-2.59184e+74 -2.59184e+74
3.00654e+74 3.00654e+74
-3.48759e+74 -3.48759e+74
4.0456e+74 4.0456e+74
-4.6929e+74 -4.6929e+74
5.44376e+74 5.44376e+74
-6.31476e+74 -6.31476e+74
7.32512e+74 7.32512e+74
-8.49714e+74 -8.49714e+74
9.85668e+74 9.85668e+74
-1.14338e+75 -1.14338e+75
1.32632e+75 1.32632e+75
-1.53853e+75 -1.53853e+75
1.78469e+75 1.78469e+75
-2.07024e+75 -2.07024e+75
2.40148e+75 2.40148e+75
-2.78572e+75 -2.78572e+75
3.23143e+75 3.23143e+75
-3.74846e+75 -3.74846e+75
4.34821e+75 4.34821e+75
-5.04393e+75 -5.04393e+75
5.85095e+75 5.85095e+75
-6.78711e+75 -6.78711e+75
7.87304e+75 7.87304e+75
-9.13273e+75 -9.13273e+75
1.0594e+76 1.0594e+76
-1.2289e+76 -1.2289e+76
1.42552e+76 1.42552e+76
-1.65361e+76 -1.65361e+76
1.91819e+76 1.91819e+76
-2.2251e+76 -2.2251e+76
2.58111e+76 2.58111e+76
-2.99409e+76 -2.99409e+76
3.47314e+76 3.47314e+76
-4.02884e+76 -4.02884e+76
4.67346e+76 4.67346e+76
-5.42121e+76 -5.42121e+76
6.28861e+76 6.28861e+76
-7.29478e+76 -7.29478e+76
8.46195e+76 8.46195e+76
-9.81586e+76 -9.81586e+76
1.13864e+77 1.13864e+77
-1.32082e+77 -1.32082e+77
1.53215e+77 1.53215e+77
-1.7773e+77 -1.7773e+77
2.06167e+77 2.06167e+77
-2.39153e+77 -2.39153e+77
2.77418e+77 2.77418e+77
-3.21805e+77 -3.21805e+77
3.73293e+77 3.73293e+77
-4.3302e+77 -4.3302e+77
5.02304e+77 5.02304e+77
-5.82672e+77 -5.82672e+77
6.759e+77 6.759e+77
-7.84044e+77 -7.84044e+77
9.09491e+77 9.09491e+77
-1.05501e+78 -1.05501e+78
1.22381e+78 1.22381e+78
-1.41962e+78 -1.41962e+78
1.64676e+78 1.64676e+78
-1.91024e+78 -1.91024e+78
2.21588e+78 2.21588e+78
-2.57042e+78 -2.57042e+78
2.98169e+78 2.98169e+78
-3.45876e+78 -3.45876e+78
4.01216e+78 4.01216e+78
-4.65411e+78 -4.65411e+78
5.39876e+78 5.39876e+78
-6.26256e+78 -6.26256e+78
7.26457e+78 7.26457e+78
-8.42691e+78 -8.42691e+78
9.77521e+78 9.77521e+78
-1.13392e+79 -1.13392e+79
1.31535e+79 1.31535e+79
-1.52581e+79 -1.52581e+79
1.76994e+79 1.76994e+79
-2.05313e+79 -2.05313e+79
2.38163e+79 2.38163e+79
-2.76269e+79 -2.76269e+79
3.20472e+79 3.20472e+79
-3.71747e+79 -3.71747e+79
4.31227e+79 4.31227e+79
-5.00223e+79 -5.00223e+79
5.80259e+79 5.80259e+79
-6.73101e+79 -6.73101e+79
7.80797e+79 7.80797e+79
-9.05724e+79 -9.05724e+79
1.05064e+80 1.05064e+80
-1.21874e+80 -1.21874e+80
1.41374e+80 1.41374e+80
-1.63994e+80 -1.63994e+80
1.90233e+80 1.90233e+80
-2.2067e+80 -2.2067e+80
2.55978e+80 2.55978e+80
-2.96934e+80 -2.96934e+80
3.44443e+80 3.44443e+80
-3.99554e+80 -3.99554e+80
4.63483e+80 4.63483e+80
-5.3764e+80 -5.3764e+80
6.23663e+80 6.23663e+80
-7.23449e+80 -7.23449e+80
8.39201e+80 8.39201e+80
-9.73473e+80 -9.73473e+80
1.12923e+81 1.12923e+81
-1.3099e+81 -1.3099e+81
1.51949e+81 1.51949e+81
-1.76261e+81 -1.76261e+81
2.04463e+81 2.04463e+81
-2.37177e+81 -2.37177e+81
2.75125e+81 2.75125e+81
-3.19145e+81 -3.19145e+81
3.70208e+81 3.70208e+81
-4.29441e+81 -4.29441e+81
4.98152e+81 4.98152e+81
-5.77856e+81 -5.77856e+81
6.70313e+81 6.70313e+81
-7.77563e+81 -7.77563e+81
9.01973e+81 9.01973e+81
-1.04629e+82 -1.04629e+82
1.2137e+82 1.2137e+82
-1.40789e+82 -1.40789e+82
1.63315e+82 1.63315e+82
-1.89445e+82 -1.89445e+82
2.19756e+82 2.19756e+82
-2.54917e+82 -2.54917e+82
2.95704e+82 2.95704e+82
-3.43017e+82 -3.43017e+82
3.979e+82 3.979e+82
-4.61564e+82 -4.61564e+82
5.35414e+82 5.35414e+82
-6.2108e+82 -6.2108e+82
7.20453e+82 7.20453e+82
-8.35725e+82 -8.35725e+82
9.69441e+82 9.69441e+82
-1.12455e+83 -1.12455e+83
1.30448e+83 1.30448e+83
-1.5132e+83 -1.5132e+83
1.75531e+83 1.75531e+83
-2.03616e+83 -2.03616e+83
2.36194e+83 2.36194e+83
-2.73985e+83 -2.73985e+83
3.17823e+83 3.17823e+83
-3.68675e+83 -3.68675e+83
4.27663e+83 4.27663e+83
-4.96089e+83 -4.96089e+83
5.75463e+83 5.75463e+83
-6.67537e+83 -6.67537e+83
7.74343e+83 7.74343e+83
-8.98238e+83 -8.98238e+83
1.04196e+84 1.04196e+84
-1.20867e+84 -1.20867e+84
1.40206e+84 1.40206e+84
-1.62638e+84 -1.62638e+84
1.88661e+84 1.88661e+84
-2.18846e+84 -2.18846e+84
2.53862e+84 2.53862e+84
-2.9448e+84 -2.9448e+84
3.41596e+84 3.41596e+84
-3.96252e+84 -3.96252e+84
4.59652e+84 4.59652e+84
-5.33196e+84 -5.33196e+84
6.18508e+84 6.18508e+84
-7.17469e+84 -7.17469e+84
8.32264e+84 8.32264e+84
-9.65426e+84 -9.65426e+84
1.11989e+85 1.11989e+85
-1.29908e+85 -1.29908e+85
1.50693e+85 1.50693e+85
-1.74804e+85 -1.74804e+85
2.02773e+85 2.02773e+85
-2.35216e+85 -2.35216e+85
2.72851e+85 2.72851e+85
-3.16507e+85 -3.16507e+85
3.67148e+85 3.67148e+85
-4.25892e+85 -4.25892e+85
4.94034e+85 4.94034e+85
-5.7308e+85 -5.7308e+85
6.64772e+85 6.64772e+85
-7.71136e+85 -7.71136e+85
8.94518e+85 8.94518e+85
-1.03764e+86 -1.03764e+86
1.20366e+86 1.20366e+86
-1.39625e+86 -1.39625e+86
1.61965e+86 1.61965e+86
-1.87879e+86 -1.87879e+86
2.1794e+86 2.1794e+86
-2.5281e+86 -2.5281e+86
2.9326e+86 2.9326e+86
-3.40182e+86 -3.40182e+86
3.94611e+86 3.94611e+86
-4.57748e+86 -4.57748e+86
5.30988e+86 5.30988e+86
-6.15946e+86 -6.15946e+86
7.14498e+86 7.14498e+86
-8.28817e+86 -8.28817e+86
9.61428e+86 9.61428e+86
-1.11526e+87 -1.11526e+87
1.2937e+87 1.2937e+87
-1.50069e+87 -1.50069e+87
1.7408e+87 1.7408e+87
-2.01933e+87 -2.01933e+87
2.34242e+87 2.34242e+87
-2.71721e+87 -2.71721e+87
3.15196e+87 3.15196e+87
-3.65627e+87 -3.65627e+87
4.24128e+87 4.24128e+87
-4.91988e+87 -4.91988e+87
5.70706e+87 5.70706e+87
-6.62019e+87 -6.62019e+87
7.67942e+87 7.67942e+87
-8.90813e+87 -8.90813e+87
1.03334e+88 1.03334e+88
-1.19868e+88 -1.19868e+88
1.39047e+88 1.39047e+88
-1.61294e+88 -1.61294e+88
1.87101e+88 1.87101e+88
-2.17037e+88 -2.17037e+88
2.51763e+88 2.51763e+88
-2.92046e+88 -2.92046e+88
3.38773e+88 3.38773e+88
-3.92976e+88 -3.92976e+88
4.55853e+88 4.55853e+88
-5.28789e+88 -5.28789e+88
6.13395e+88 6.13395e+88
-7.11539e+88 -7.11539e+88
8.25385e+88 8.25385e+88
-9.57446e+88 -9.57446e+88
1.11064e+89 1.11064e+89
-1.28834e+89 -1.28834e+89
1.49447e+89 1.49447e+89
-1.73359e+89 -1.73359e+89
2.01096e+89 2.01096e+89
-2.33272e+89 -2.33272e+89
2.70595e+89 2.70595e+89
-3.13891e+89 -3.13891e+89
3.64113e+89 3.64113e+89
-4.22371e+89 -4.22371e+89
4.89951e+89 4.89951e+89
-5.68343e+89 -5.68343e+89
6.59278e+89 6.59278e+89
-7.64762e+89 -7.64762e+89
8.87124e+89 8.87124e+89
-1.02906e+90 -1.02906e+90
1.19371e+90 1.19371e+90
-1.38471e+90 -1.38471e+90
1.60626e+90 1.60626e+90
-1.86326e+90 -1.86326e+90
2.16139e+90 2.16139e+90
-2.50721e+90 -2.50721e+90
2.90836e+90 2.90836e+90
-3.3737e+90 -3.3737e+90
3.91349e+90 3.91349e+90
-4.53965e+90 -4.53965e+90
5.26599e+90 5.26599e+90
-6.10855e+90 -6.10855e+90
7.08592e+90 7.08592e+90
-8.21967e+90 -8.21967e+90
9.53481e+90 9.53481e+90
-1.10604e+91 -1.10604e+91
1.283e+91 1.283e+91
-1.48828e+91 -1.48828e+91
1.72641e+91 1.72641e+91
-2.00264e+91 -2.00264e+91
2.32306e+91 2.32306e+91
-2.69475e+91 -2.69475e+91
3.12591e+91 3.12591e+91
-3.62605e+91 -3.62605e+91
4.20622e+91 4.20622e+91
-4.87922e+91 -4.87922e+91
5.65989e+91 5.65989e+91
-6.56547e+91 -6.56547e+91
7.61595e+91 7.61595e+91
-8.8345e+91 -8.8345e+91
1.0248e+92 1.0248e+92
-1.18877e+92 -1.18877e+92
1.37897e+92 1.37897e+92
-1.59961e+92 -1.59961e+92
1.85555e+92 1.85555e+92
-2.15243e+92 -2.15243e+92
2.49682e+92 2.49682e+92
-2.89632e+92 -2.89632e+92
3.35973e+92 3.35973e+92
-3.89728e+92 -3.89728e+92
4.52085e+92 4.52085e+92
-5.24418e+92 -5.24418e+92
6.08325e+92 6.08325e+92
-7.05657e+92 -7.05657e+92
8.18562e+92 8.18562e+92
-9.49532e+92 -9.49532e+92
1.10146e+93 1.10146e+93
-1.27769e+93 -1.27769e+93
1.48212e+93 1.48212e+93
-1.71926e+93 -1.71926e+93
1.99434e+93 1.99434e+93
-2.31344e+93 -2.31344e+93
2.68359e+93 2.68359e+93
-3.11296e+93 -3.11296e+93
3.61103e+93 3.61103e+93
-4.1888e+93 -4.1888e+93
4.85901e+93 4.85901e+93
-5.63645e+93 -5.63645e+93
6.53828e+93 6.53828e+93
-7.58441e+93 -7.58441e+93
8.79791e+93 8.79791e+93
-1.02056e+94 -1.02056e+94
1.18385e+94 1.18385e+94
-1.37326e+94 -1.37326e+94
1.59298e+94 1.59298e+94
-1.84786e+94 -1.84786e+94
2.14352e+94 2.14352e+94
-2.48648e+94 -2.48648e+94
2.88432e+94 2.88432e+94
-3.34581e+94 -3.34581e+94
3.88114e+94 3.88114e+94
-4.50212e+94 -4.50212e+94
5.22246e+94 5.22246e+94
-6.05806e+94 -6.05806e+94
7.02735e+94 7.02735e+94
-8.15172e+94 -8.15172e+94
9.456e+94 9.456e+94
-1.0969e+95 -1.0969e+95
1.2724e+95 1.2724e+95
-1.47598e+95 -1.47598e+95
1.71214e+95 1.71214e+95
-1.98608e+95 -1.98608e+95
2.30386e+95 2.30386e+95
-2.67247e+95 -2.67247e+95
3.10007e+95 3.10007e+95
-3.59608e+95 -3.59608e+95
4.17145e+95 4.17145e+95
-4.83889e+95 -4.83889e+95
5.61311e+95 5.61311e+95
-6.5112e+95 -6.5112e+95
7.553e+95 7.553e+95
-8.76148e+95 -8.76148e+95
1.01633e+96 1.01633e+96
-1.17894e+96 -1.17894e+96
1.36758e+96 1.36758e+96
-1.58639e+96 -1.58639e+96
1.84021e+96 1.84021e+96
-2.13464e+96 -2.13464e+96
2.47619e+96 2.47619e+96
-2.87238e+96 -2.87238e+96
3.33196e+96 3.33196e+96
-3.86507e+96 -3.86507e+96
4.48348e+96 4.48348e+96
-5.20084e+96 -5.20084e+96
6.03297e+96 6.03297e+96
-6.99824e+96 -6.99824e+96
8.11796e+96 8.11796e+96
-9.41684e+96 -9.41684e+96
1.09235e+97 1.09235e+97
-1.26713e+97 -1.26713e+97
1.46987e+97 1.46987e+97
-1.70505e+97 -1.70505e+97
1.97786e+97 1.97786e+97
-2.29432e+97 -2.29432e+97
2.66141e+97 2.66141e+97
-3.08723e+97 -3.08723e+97
3.58119e+97 3.58119e+97
-4.15418e+97 -4.15418e+97
4.81885e+97 4.81885e+97
-5.58986e+97 -5.58986e+97
6.48424e+97 6.48424e+97
-7.52172e+97 -7.52172e+97
8.72519e+97 8.72519e+97
-1.01212e+98 -1.01212e+98
1.17406e+98 1.17406e+98
-1.36191e+98 -1.36191e+98
1.57982e+98 1.57982e+98
-1.83259e+98 -1.83259e+98
2.1258e+98 2.1258e+98
-2.46593e+98 -2.46593e+98
2.86048e+98 2.86048e+98
-3.31816e+98 -3.31816e+98
3.84906e+98 3.84906e+98
-4.46491e+98 -4.46491e+98
5.1793e+98 5.1793e+98
-6.00798e+98 -6.00798e+98
6.96926e+98 6.96926e+98
-8.08434e+98 -8.08434e+98
9.37784e+98 9.37784e+98
-1.08783e+99 -1.08783e+99
1.26188e+99 1.26188e+99
-1.46378e+99 -1.46378e+99
1.69799e+99 1.69799e+99
-1.96967e+99 -1.96967e+99
2.28481e+99 2.28481e+99
-2.65038e+99 -2.65038e+99
3.07444e+99 3.07444e+99
-3.56636e+99 -3.56636e+99
4.13697e+99 4.13697e+99
-4.79889e+99 -4.79889e+99
5.56671e+99 5.56671e+99
-6.45738e+99 -6.45738e+99
7.49057e+99 7.49057e+99
-8.68906e+99 -8.68906e+99
1.00793e+100 1.00793e+100
-1.1692e+100 -1.1692e+100
1.35627e+100 1.35627e+100
-1.57327e+100 -1.57327e+100
1.825e+100 1.825e+100
-2.117e+100 -2.117e+100
2.45572e+100 2.45572e+100
-2.84863e+100 -2.84863e+100
3.30441e+100 3.30441e+100
-3.83312e+100 -3.83312e+100
4.44642e+100 4.44642e+100
-5.15785e+100 -5.15785e+100
5.9831e+100 5.9831e+100
-6.9404e+100 -6.9404e+100
8.05086e+100 8.05086e+100
-9.339e+100 -9.339e+100
1.08332e+101 1.08332e+101
-1.25666e+101 -1.25666e+101
1.45772e+101 1.45772e+101
-1.69096e+101 -1.69096e+101
1.96151e+101 1.96151e+101
-2.27535e+101 -2.27535e+101
2.63941e+101 2.63941e+101
-3.06171e+101 -3.06171e+101
3.55159e+101 3.55159e+101
-4.11984e+101 -4.11984e+101
4.77901e+101 4.77901e+101
-5.54366e+101 -5.54366e+101
6.43064e+101 6.43064e+101
-7.45954e+101 -7.45954e+101
8.65307e+101 8.65307e+101
-1.00376e+102 -1.00376e+102
1.16436e+102 1.16436e+102
-1.35065e+102 -1.35065e+102
1.56676e+102 1.56676e+102
-1.81744e+102 -1.81744e+102
2.10823e+102 2.10823e+102
-2.44555e+102 -2.44555e+102
2.83684e+102 2.83684e+102
-3.29073e+102 -3.29073e+102
3.81725e+102 3.81725e+102
-4.42801e+102 -4.42801e+102
5.13649e+102 5.13649e+102
-5.95832e+102 -5.95832e+102
6.91166e+102 6.91166e+102
-8.01752e+102 -8.01752e+102
9.30032e+102 9.30032e+102
-1.07884e+103 -1.07884e+103
1.25145e+103 1.25145e+103
-1.45168e+103 -1.45168e+103
1.68395e+103 1.68395e+103
-1.95339e+103 -1.95339e+103
2.26593e+103 2.26593e+103
-2.62848e+103 -2.62848e+103
3.04903e+103 3.04903e+103
-3.53688e+103 -3.53688e+103
4.10278e+103 4.10278e+103
-4.75922e+103 -4.75922e+103
5.5207e+103 5.5207e+103
-6.40401e+103 -6.40401e+103
7.42865e+103 7.42865e+103
-8.61724e+103 -8.61724e+103
9.99599e+103 9.99599e+103
-1.15954e+104 -1.15954e+104
1.34506e+104 1.34506e+104
-1.56027e+104 -1.56027e+104
1.80991e+104 1.80991e+104
-2.0995e+104 -2.0995e+104
2.43542e+104 2.43542e+104
-2.82509e+104 -2.82509e+104
3.2771e+104 3.2771e+104
-3.80144e+104 -3.80144e+104
4.40967e+104 4.40967e+104
-5.11521e+104 -5.11521e+104
5.93365e+104 5.93365e+104
-6.88303e+104 -6.88303e+104
7.98432e+104 7.98432e+104
-9.26181e+104 -9.26181e+104
1.07437e+105 1.07437e+105
-1.24627e+105 -1.24627e+105
1.44567e+105 1.44567e+105
-1.67698e+105 -1.67698e+105
1.9453e+105 1.9453e+105
-2.25654e+105 -2.25654e+105
2.61759e+105 2.61759e+105
-3.0364e+105 -3.0364e+105
3.52223e+105 3.52223e+105
-4.08579e+105 -4.08579e+105
4.73951e+105 4.73951e+105
-5.49783e+105 -5.49783e+105
6.37749e+105 6.37749e+105
-7.39789e+105 -7.39789e+105
8.58155e+105 8.58155e+105
-9.9546e+105 -9.9546e+105
1.15473e+106 1.15473e+106
-1.33949e+106 -1.33949e+106
1.55381e+106 1.55381e+106
-1.80242e+106 -1.80242e+106
2.09081e+106 2.09081e+106
-2.42533e+106 -2.42533e+106
2.81339e+106 2.81339e+106
-3.26353e+106 -3.26353e+106
3.78569e+106 3.78569e+106
-4.39141e+106 -4.39141e+106
5.09403e+106 5.09403e+106
-5.90907e+106 -5.90907e+106
6.85453e+106 6.85453e+106
-7.95125e+106 -7.95125e+106
9.22345e+106 9.22345e+106
-1.06992e+107 -1.06992e+107
1.24111e+107 1.24111e+107
-1.43968e+107 -1.43968e+107
1.67003e+107 1.67003e+107
-1.93724e+107 -1.93724e+107
2.2472e+107 2.2472e+107
-2.60675e+107 -2.60675e+107
3.02383e+107 3.02383e+107
-3.50764e+107 -3.50764e+107
4.06887e+107 4.06887e+107
-4.71988e+107 -4.71988e+107
5.47507e+107 5.47507e+107
-6.35108e+107 -6.35108e+107
7.36725e+107 7.36725e+107
-8.54601e+107 -8.54601e+107
9.91337e+107 9.91337e+107
-1.14995e+108 -1.14995e+108
1.33394e+108 1.33394e+108
-1.54737e+108 -1.54737e+108
1.79495e+108 1.79495e+108
-2.08215e+108 -2.08215e+108
2.41529e+108 2.41529e+108
-2.80174e+108 -2.80174e+108
3.25001e+108 3.25001e+108
-3.77002e+108 -3.77002e+108
4.37322e+108 4.37322e+108
-5.07293e+108 -5.07293e+108
5.8846e+108 5.8846e+108
-6.82614e+108 -6.82614e+108
7.91832e+108 7.91832e+108
-9.18525e+108 -9.18525e+108
1.06549e+109 1.06549e+109
-1.23597e+109 -1.23597e+109
1.43372e+109 1.43372e+109
-1.66312e+109 -1.66312e+109
1.92922e+109 1.92922e+109
-2.23789e+109 -2.23789e+109
2.59595e+109 2.59595e+109
-3.01131e+109 -3.01131e+109
3.49312e+109 3.49312e+109
-4.05201e+109 -4.05201e+109
4.70034e+109 4.70034e+109
-5.45239e+109 -5.45239e+109
6.32477e+109 6.32477e+109
-7.33674e+109 -7.33674e+109
8.51062e+109 8.51062e+109
-9.87231e+109 -9.87231e+109
1.14519e+110 1.14519e+110
-1.32842e+110 -1.32842e+110
1.54097e+110 1.54097e+110
-1.78752e+110 -1.78752e+110
2.07352e+110 2.07352e+110
-2.40529e+110 -2.40529e+110
2.79013e+110 2.79013e+110
-3.23655e+110 -3.23655e+110
3.7544e+110 3.7544e+110
-4.35511e+110 -4.35511e+110
5.05192e+110 5.05192e+110
-5.86023e+110 -5.86023e+110
6.79787e+110 6.79787e+110
-7.88553e+110 -7.88553e+110
9.14721e+110 9.14721e+110
-1.06108e+111 -1.06108e+111
1.23085e+111 1.23085e+111
-1.42778e+111 -1.42778e+111
1.65623e+111 1.65623e+111
-1.92123e+111 -1.92123e+111
2.22862e+111 2.22862e+111
-2.5852e+111 -2.5852e+111
2.99884e+111 2.99884e+111
-3.47865e+111 -3.47865e+111
4.03523e+111 4.03523e+111
-4.68087e+111 -4.68087e+111
5.42981e+111 5.42981e+111
-6.29858e+111 -6.29858e+111
7.30635e+111 7.30635e+111
-8.47537e+111 -8.47537e+111
9.83143e+111 9.83143e+111
-1.14045e+112 -1.14045e+112
1.32292e+112 1.32292e+112
-1.53458e+112 -1.53458e+112
1.78012e+112 1.78012e+112
-2.06494e+112 -2.06494e+112
2.39533e+112 2.39533e+112
-2.77858e+112 -2.77858e+112
3.22315e+112 3.22315e+112
-3.73885e+112 -3.73885e+112
4.33707e+112 4.33707e+112
-5.031e+112 -5.031e+112
5.83596e+112 5.83596e+112
-6.76972e+112 -6.76972e+112
7.85287e+112 7.85287e+112
-9.10933e+112 -9.10933e+112
1.05668e+113 1.05668e+113
-1.22575e+113 -1.22575e+113
1.42187e+113 1.42187e+113
-1.64937e+113 -1.64937e+113
1.91327e+113 1.91327e+113
-2.21939e+113 -2.21939e+113
2.5745e+113 2.5745e+113
-2.98642e+113 -2.98642e+113
3.46424e+113 3.46424e+113
-4.01852e+113 -4.01852e+113
4.66149e+113 4.66149e+113
-5.40732e+113 -5.40732e+113
6.27249e+113 6.27249e+113
-7.27609e+113 -7.27609e+113
8.44027e+113 8.44027e+113
-9.79071e+113 -9.79071e+113
1.13572e+114 1.13572e+114
-1.31744e+114 -1.31744e+114
1.52823e+114 1.52823e+114
-1.77274e+114 -1.77274e+114
2.05638e+114 2.05638e+114
-2.38541e+114 -2.38541e+114
2.76707e+114 2.76707e+114
-3.2098e+114 -3.2098e+114
3.72337e+114 3.72337e+114
-4.31911e+114 -4.31911e+114
5.01017e+114 5.01017e+114
-5.81179e+114 -5.81179e+114
6.74168e+114 6.74168e+114
-7.82035e+114 -7.82035e+114
9.0716e+114 9.0716e+114
-1.05231e+115 -1.05231e+115
1.22068e+115 1.22068e+115
-1.41598e+115 -1.41598e+115
1.64254e+115 1.64254e+115
-1.90535e+115 -1.90535e+115
2.2102e+115 2.2102e+115
-2.56383e+115 -2.56383e+115
2.97405e+115 2.97405e+115
-3.4499e+115 -3.4499e+115
4.00188e+115 4.00188e+115
-4.64218e+115 -4.64218e+115
5.38493e+115 5.38493e+115
-6.24652e+115 -6.24652e+115
7.24596e+115 7.24596e+115
-8.40531e+115 -8.40531e+115
9.75016e+115 9.75016e+115
-1.13102e+116 -1.13102e+116
1.31198e+116 1.31198e+116
-1.5219e+116 -1.5219e+116
1.7654e+116 1.7654e+116
-2.04787e+116 -2.04787e+116
2.37553e+116 2.37553e+116
-2.75561e+116 -2.75561e+116
3.19651e+116 3.19651e+116
-3.70795e+116 -3.70795e+116
4.30122e+116 4.30122e+116
-4.98942e+116 -4.98942e+116
5.78772e+116 5.78772e+116
-6.71376e+116 -6.71376e+116
7.78796e+116 7.78796e+116
-9.03404e+116 -9.03404e+116
1.04795e+117 1.04795e+117
-1.21562e+117 -1.21562e+117
1.41012e+117 1.41012e+117
-1.63574e+117 -1.63574e+117
1.89746e+117 1.89746e+117
-2.20105e+117 -2.20105e+117
2.55322e+117 2.55322e+117
-2.96173e+117 -2.96173e+117
3.43561e+117 3.43561e+117
-3.98531e+117 -3.98531e+117
4.62295e+117 4.62295e+117
-5.36263e+117 -5.36263e+117
6.22065e+117 6.22065e+117
-7.21595e+117 -7.21595e+117
8.3705e+117 8.3705e+117
-9.70978e+117 -9.70978e+117
1.12634e+118 1.12634e+118
-1.30655e+118 -1.30655e+118
1.5156e+118 1.5156e+118
-1.75809e+118 -1.75809e+118
2.03939e+118 2.03939e+118
-2.36569e+118 -2.36569e+118
2.7442e+118 2.7442e+118
-3.18327e+118 -3.18327e+118
3.69259e+118 3.69259e+118
-4.28341e+118 -4.28341e+118
4.96875e+118 4.96875e+118
-5.76375e+118 -5.76375e+118
6.68596e+118 6.68596e+118
-7.75571e+118 -7.75571e+118
8.99662e+118 8.99662e+118
-1.04361e+119 -1.04361e+119
1.21059e+119 1.21059e+119
-1.40428e+119 -1.40428e+119
1.62896e+119 1.62896e+119
-1.8896e+119 -1.8896e+119
2.19193e+119 2.19193e+119
-2.54264e+119 -2.54264e+119
2.94947e+119 2.94947e+119
-3.42138e+119 -3.42138e+119
3.9688e+119 3.9688e+119
-4.60381e+119 -4.60381e+119
5.34042e+119 5.34042e+119
-6.19489e+119 -6.19489e+119
7.18607e+119 7.18607e+119
-8.33584e+119 -8.33584e+119
9.66957e+119 9.66957e+119
-1.12167e+120 -1.12167e+120
1.30114e+120 1.30114e+120
-1.50932e+120 -1.50932e+120
1.75081e+120 1.75081e+120
-2.03094e+120 -2.03094e+120
2.35589e+120 2.35589e+120
-2.73283e+120 -2.73283e+120
3.17009e+120 3.17009e+120
-3.6773e+120 -3.6773e+120
4.26567e+120 4.26567e+120
-4.94818e+120 -4.94818e+120
5.73988e+120 5.73988e+120
-6.65827e+120 -6.65827e+120
7.72359e+120 7.72359e+120
-8.95936e+120 -8.95936e+120
1.03929e+121 1.03929e+121
-1.20557e+121 -1.20557e+121
1.39846e+121 1.39846e+121
-1.62222e+121 -1.62222e+121
1.88177e+121 1.88177e+121
-2.18286e+121 -2.18286e+121
2.53211e+121 2.53211e+121
-2.93725e+121 -2.93725e+121
3.40721e+121 3.40721e+121
-3.95236e+121 -3.95236e+121
4.58474e+121 4.58474e+121
-5.3183e+121 -5.3183e+121
6.16923e+121 6.16923e+121
-7.15631e+121 -7.15631e+121
8.30132e+121 8.30132e+121
-9.62953e+121 -9.62953e+121
1.11703e+122 1.11703e+122
-1.29575e+122 -1.29575e+122
1.50307e+122 1.50307e+122
-1.74356e+122 -1.74356e+122
2.02253e+122 2.02253e+122
-2.34613e+122 -2.34613e+122
2.72152e+122 2.72152e+122
-3.15696e+122 -3.15696e+122
3.66207e+122 3.66207e+122
-4.248e+122 -4.248e+122
4.92768e+122 4.92768e+122
-5.71611e+122 -5.71611e+122
6.63069e+122 6.63069e+122
-7.6916e+122 -7.6916e+122
8.92226e+122 8.92226e+122
-1.03498e+123 -1.03498e+123
1.20058e+123 1.20058e+123
-1.39267e+123 -1.39267e+123
1.6155e+123 1.6155e+123
-1.87398e+123 -1.87398e+123
2.17382e+123 2.17382e+123
-2.52163e+123 -2.52163e+123
2.92509e+123 2.92509e+123
-3.3931e+123 -3.3931e+123
3.936e+123 3.936e+123
-4.56576e+123 -4.56576e+123
5.29628e+123 5.29628e+123
-6.14368e+123 -6.14368e+123
7.12667e+123 7.12667e+123
-8.26694e+123 -8.26694e+123
9.58965e+123 9.58965e+123
-1.1124e+124 -1.1124e+124
1.29038e+124 1.29038e+124
-1.49684e+124 -1.49684e+124
1.73634e+124 1.73634e+124
-2.01415e+124 -2.01415e+124
2.33642e+124 2.33642e+124
-2.71024e+124 -2.71024e+124
3.14388e+124 3.14388e+124
-3.64691e+124 -3.64691e+124
4.23041e+124 4.23041e+124
-4.90728e+124 -4.90728e+124
5.69244e+124 5.69244e+124
-6.60323e+124 -6.60323e+124
7.65975e+124 7.65975e+124
-8.88531e+124 -8.88531e+124
1.0307e+125 1.0307e+125
-1.19561e+125 -1.19561e+125
1.3869e+125 1.3869e+125
-1.60881e+125 -1.60881e+125
1.86622e+125 1.86622e+125
-2.16481e+125 -2.16481e+125
2.51118e+125 2.51118e+125
-2.91297e+125 -2.91297e+125
3.37905e+125 3.37905e+125
-3.9197e+125 -3.9197e+125
4.54685e+125 4.54685e+125
-5.27434e+125 -5.27434e+125
6.11824e+125 6.11824e+125
-7.09716e+125 -7.09716e+125
8.2327e+125 8.2327e+125
-9.54993e+125 -9.54993e+125
1.10779e+126 1.10779e+126
-1.28504e+126 -1.28504e+126
1.49065e+126 1.49065e+126
-1.72915e+126 -1.72915e+126
2.00581e+126 2.00581e+126
-2.32674e+126 -2.32674e+126
2.69902e+126 2.69902e+126
-3.13086e+126 -3.13086e+126
3.6318e+126 3.6318e+126
-4.21289e+126 -4.21289e+126
4.88695e+126 4.88695e+126
-5.66887e+126 -5.66887e+126
6.57588e+126 6.57588e+126
-7.62803e+126 -7.62803e+126
8.84851e+126 8.84851e+126
-1.02643e+127 -1.02643e+127
1.19066e+127 1.19066e+127
-1.38116e+127 -1.38116e+127
1.60215e+127 1.60215e+127
-1.85849e+127 -1.85849e+127
2.15585e+127 2.15585e+127
-2.50078e+127 -2.50078e+127
2.90091e+127 2.90091e+127
-3.36505e+127 -3.36505e+127
3.90346e+127 3.90346e+127
-4.52802e+127 -4.52802e+127
5.2525e+127 5.2525e+127
-6.0929e+127 -6.0929e+127
7.06776e+127 7.06776e+127
-8.1986e+127 -8.1986e+127
9.51038e+127 9.51038e+127
-1.1032e+128 -1.1032e+128
1.27972e+128 1.27972e+128
-1.48447e+128 -1.48447e+128
1.72199e+128 1.72199e+128
-1.99751e+128 -1.99751e+128
2.31711e+128 2.31711e+128
-2.68784e+128 -2.68784e+128
3.1179e+128 3.1179e+128
-3.61676e+128 -3.61676e+128
4.19544e+128 4.19544e+128
-4.86671e+128 -4.86671e+128
5.64539e+128 5.64539e+128
-6.54865e+128 -6.54865e+128
7.59643e+128 7.59643e+128
-8.81186e+128 -8.81186e+128
1.02218e+129 1.02218e+129
-1.18572e+129 -1.18572e+129
1.37544e+129 1.37544e+129
-1.59551e+129 -1.59551e+129
1.85079e+129 1.85079e+129
-2.14692e+129 -2.14692e+129
2.49043e+129 2.49043e+129
-2.88889e+129 -2.88889e+129
3.35112e+129 3.35112e+129
-3.8873e+129 -3.8873e+129
4.50926e+129 4.50926e+129
-5.23075e+129 -5.23075e+129
6.06767e+129 6.06767e+129
-7.03849e+129 -7.03849e+129
8.16465e+129 8.16465e+129
-9.47099e+129 -9.47099e+129
1.09864e+130 1.09864e+130
-1.27442e+130 -1.27442e+130
1.47832e+130 1.47832e+130
-1.71486e+130 -1.71486e+130
1.98923e+130 1.98923e+130
-2.30751e+130 -2.30751e+130
2.67671e+130 2.67671e+130
-3.10499e+130 -3.10499e+130
3.60178e+130 3.60178e+130
-4.17807e+130 -4.17807e+130
4.84656e+130 4.84656e+130
-5.62201e+130 -5.62201e+130
6.52153e+130 6.52153e+130
-7.56497e+130 -7.56497e+130
8.77537e+130 8.77537e+130
-1.01794e+131 -1.01794e+131
1.18081e+131 1.18081e+131
-1.36974e+131 -1.36974e+131
1.5889e+131 1.5889e+131
-1.84313e+131 -1.84313e+131
2.13803e+131 2.13803e+131
-2.48011e+131 -2.48011e+131
2.87693e+131 2.87693e+131
-3.33724e+131 -3.33724e+131
3.8712e+131 3.8712e+131
-4.49059e+131 -4.49059e+131
5.20908e+131 5.20908e+131
-6.04254e+131 -6.04254e+131
7.00934e+131 7.00934e+131
-8.13084e+131 -8.13084e+131
9.43177e+131 9.43177e+131
-1.09409e+132 -1.09409e+132
1.26914e+132 1.26914e+132
-1.4722e+132 -1.4722e+132
1.70775e+132 1.70775e+132
-1.98099e+132 -1.98099e+132
2.29795e+132 2.29795e+132
-2.66563e+132 -2.66563e+132
3.09213e+132 3.09213e+132
-3.58687e+132 -3.58687e+132
4.16076e+132 4.16076e+132
-4.82649e+132 -4.82649e+132
5.59873e+132 5.59873e+132
-6.49452e+132 -6.49452e+132
7.53364e+132 7.53364e+132
-8.73903e+132 -8.73903e+132
1.01373e+133 1.01373e+133
-1.17592e+133 -1.17592e+133
1.36407e+133 1.36407e+133
-1.58232e+133 -1.58232e+133
1.83549e+133 1.83549e+133
-2.12917e+133 -2.12917e+133
2.46984e+133 2.46984e+133
-2.86502e+133 -2.86502e+133
3.32342e+133 3.32342e+133
-3.85517e+133 -3.85517e+133
4.47199e+133 4.47199e+133
-5.18751e+133 -5.18751e+133
6.01751e+133 6.01751e+133
-6.98031e+133 -6.98031e+133
8.09716e+133 8.09716e+133
-9.39271e+133 -9.39271e+133
1.08955e+134 1.08955e+134
-1.26388e+134 -1.26388e+134
1.4661e+134 1.4661e+134
-1.70068e+134 -1.70068e+134
1.97279e+134 1.97279e+134
-2.28844e+134 -2.28844e+134
2.65459e+134 2.65459e+134
-3.07932e+134 -3.07932e+134
3.57201e+134 3.57201e+134
-4.14353e+134 -4.14353e+134
4.8065e+134 4.8065e+134
-5.57554e+134 -5.57554e+134
6.46762e+134 6.46762e+134
-7.50244e+134 -7.50244e+134
8.70284e+134 8.70284e+134
-1.00953e+135 -1.00953e+135
1.17105e+135 1.17105e+135
-1.35842e+135 -1.35842e+135
1.57577e+135 1.57577e+135
-1.82789e+135 -1.82789e+135
2.12036e+135 2.12036e+135
-2.45961e+135 -2.45961e+135
2.85315e+135 2.85315e+135
-3.30965e+135 -3.30965e+135
3.8392e+135 3.8392e+135
-4.45347e+135 -4.45347e+135
5.16603e+135 5.16603e+135
-5.99259e+135 -5.99259e+135
6.95141e+135 6.95141e+135
-8.06363e+135 -8.06363e+135
9.35381e+135 9.35381e+135
-1.08504e+136 -1.08504e+136
1.25865e+136 1.25865e+136
-1.46003e+136 -1.46003e+136
1.69364e+136 1.69364e+136
-1.96462e+136 -1.96462e+136
2.27896e+136 2.27896e+136
-2.64359e+136 -2.64359e+136
3.06657e+136 3.06657e+136
-3.55722e+136 -3.55722e+136
4.12637e+136 4.12637e+136
-4.78659e+136 -4.78659e+136
5.55245e+136 5.55245e+136
-6.44084e+136 -6.44084e+136
7.47137e+136 7.47137e+136
-8.66679e+136 -8.66679e+136
1.00535e+137 1.00535e+137
-1.1662e+137 -1.1662e+137
1.3528e+137 1.3528e+137
-1.56924e+137 -1.56924e+137
1.82032e+137 1.82032e+137
-2.11157e+137 -2.11157e+137
2.44943e+137 2.44943e+137
-2.84133e+137 -2.84133e+137
3.29595e+137 3.29595e+137
-3.8233e+137 -3.8233e+137
4.43503e+137 4.43503e+137
-5.14463e+137 -5.14463e+137
5.96777e+137 5.96777e+137
-6.92262e+137 -6.92262e+137
8.03024e+137 8.03024e+137
-9.31507e+137 -9.31507e+137
1.08055e+138 1.08055e+138
-1.25344e+138 -1.25344e+138
1.45399e+138 1.45399e+138
-1.68662e+138 -1.68662e+138
1.95648e+138 1.95648e+138
-2.26952e+138 -2.26952e+138
2.63264e+138 2.63264e+138
-3.05387e+138 -3.05387e+138
3.54249e+138 3.54249e+138
-4.10928e+138 -4.10928e+138
4.76677e+138 4.76677e+138
-5.52945e+138 -5.52945e+138
6.41416e+138 6.41416e+138
-7.44043e+138 -7.44043e+138
8.6309e+138 8.6309e+138
-1.00118e+139 -1.00118e+139
1.16137e+139 1.16137e+139
-1.34719e+139 -1.34719e+139
1.56274e+139 1.56274e+139
-1.81278e+139 -1.81278e+139
2.10283e+139 2.10283e+139
-2.43928e+139 -2.43928e+139
2.82957e+139 2.82957e+139
-3.2823e+139 -3.2823e+139
3.80747e+139 3.80747e+139
-4.41666e+139 -4.41666e+139
5.12333e+139 5.12333e+139
-5.94306e+139 -5.94306e+139
6.89395e+139 6.89395e+139
-7.99698e+139 -7.99698e+139
9.2765e+139 9.2765e+139
-1.07607e+140 -1.07607e+140
1.24825e+140 1.24825e+140
-1.44796e+140 -1.44796e+140
1.67964e+140 1.67964e+140
-1.94838e+140 -1.94838e+140
2.26012e+140 2.26012e+140
-2.62174e+140 -2.62174e+140
3.04122e+140 3.04122e+140
-3.52782e+140 -3.52782e+140
4.09227e+140 4.09227e+140
-4.74703e+140 -4.74703e+140
5.50655e+140 5.50655e+140
-6.3876e+140 -6.3876e+140
7.40962e+140 7.40962e+140
-8.59516e+140 -8.59516e+140
9.97038e+140 9.97038e+140
-1.15656e+141 -1.15656e+141
1.34161e+141 1.34161e+141
-1.55627e+141 -1.55627e+141
1.80528e+141 1.80528e+141
-2.09412e+141 -2.09412e+141
2.42918e+141 2.42918e+141
-2.81785e+141 -2.81785e+141
3.2687e+141 3.2687e+141
-3.7917e+141 -3.7917e+141
4.39837e+141 4.39837e+141
-5.10211e+141 -5.10211e+141
5.91845e+141 5.91845e+141
-6.8654e+141 -6.8654e+141
7.96386e+141 7.96386e+141
-9.23808e+141 -9.23808e+141
1.07162e+142 1.07162e+142
-1.24308e+142 -1.24308e+142
1.44197e+142 1.44197e+142
-1.67268e+142 -1.67268e+142
1.94031e+142 1.94031e+142
-2.25076e+142 -2.25076e+142
2.61088e+142 2.61088e+142
-3.02863e+142 -3.02863e+142
3.51321e+142 3.51321e+142
-4.07532e+142 -4.07532e+142
4.72737e+142 4.72737e+142
-5.48375e+142 -5.48375e+142
6.36115e+142 6.36115e+142
-7.37893e+142 -7.37893e+142
8.55956e+142 8.55956e+142
-9.92909e+142 -9.92909e+142
1.15177e+143 1.15177e+143
-1.33606e+143 -1.33606e+143
1.54983e+143 1.54983e+143
-1.7978e+143 -1.7978e+143
2.08545e+143 2.08545e+143
-2.41912e+143 -2.41912e+143
2.80618e+143 2.80618e+143
-3.25517e+143 -3.25517e+143
3.77599e+143 3.77599e+143
-4.38015e+143 -4.38015e+143
5.08098e+143 5.08098e+143
-5.89393e+143 -5.89393e+143
6.83696e+143 6.83696e+143
-7.93088e+143 -7.93088e+143
9.19982e+143 9.19982e+143
-1.06718e+144 -1.06718e+144
1.23793e+144 1.23793e+144
-1.436e+144 -1.436e+144
1.66576e+144 1.66576e+144
-1.93228e+144 -1.93228e+144
2.24144e+144 2.24144e+144
-2.60007e+144 -2.60007e+144
3.01608e+144 3.01608e+144
-3.49866e+144 -3.49866e+144
4.05844e+144 4.05844e+144
-4.70779e+144 -4.70779e+144
5.46104e+144 5.46104e+144
-6.3348e+144 -6.3348e+144
7.34837e+144 7.34837e+144
-8.52411e+144 -8.52411e+144
9.88797e+144 9.88797e+144
-1.147e+145 -1.147e+145
1.33053e+145 1.33053e+145
-1.54341e+145 -1.54341e+145
1.79035e+145 1.79035e+145
-2.07681e+145 -2.07681e+145
2.4091e+145 2.4091e+145
-2.79456e+145 -2.79456e+145
3.24169e+145 3.24169e+145
-3.76036e+145 -3.76036e+145
4.36201e+145 4.36201e+145
-5.05994e+145 -5.05994e+145
5.86953e+145 5.86953e+145
-6.80865e+145 -6.80865e+145
7.89803e+145 7.89803e+145
-9.16172e+145 -9.16172e+145
1.06276e+146 1.06276e+146
-1.2328e+146 -1.2328e+146
1.43005e+146 1.43005e+146
-1.65886e+146 -1.65886e+146
1.92427e+146 1.92427e+146
-2.23216e+146 -2.23216e+146
2.5893e+146 2.5893e+146
-3.00359e+146 -3.00359e+146
3.48417e+146 3.48417e+146
-4.04163e+146 -4.04163e+146
4.68829e+146 4.68829e+146
-5.43842e+146 -5.43842e+146
6.30857e+146 6.30857e+146
-7.31794e+146 -7.31794e+146
8.48881e+146 8.48881e+146
-9.84702e+146 -9.84702e+146
1.14225e+147 1.14225e+147
-1.32501e+147 -1.32501e+147
1.53702e+147 1.53702e+147
-1.78294e+147 -1.78294e+147
2.06821e+147 2.06821e+147
-2.39912e+147 -2.39912e+147
2.78298e+147 2.78298e+147
-3.22826e+147 -3.22826e+147
3.74478e+147 3.74478e+147
-4.34395e+147 -4.34395e+147
5.03898e+147 5.03898e+147
-5.84522e+147 -5.84522e+147
6.78045e+147 6.78045e+147
-7.86532e+147 -7.86532e+147
9.12378e+147 9.12378e+147
-1.05836e+148 -1.05836e+148
1.2277e+148 1.2277e+148
-1.42413e+148 -1.42413e+148
1.65199e+148 1.65199e+148
-1.9163e+148 -1.9163e+148
2.22291e+148 2.22291e+148
-2.57858e+148 -2.57858e+148
2.99115e+148 2.99115e+148
-3.46974e+148 -3.46974e+148
4.02489e+148 4.02489e+148
-4.66888e+148 -4.66888e+148
5.4159e+148 5.4159e+148
-6.28244e+148 -6.28244e+148
7.28763e+148 7.28763e+148
-8.45365e+148 -8.45365e+148
9.80624e+148 9.80624e+148
-1.13752e+149 -1.13752e+149
1.31953e+149 1.31953e+149
-1.53065e+149 -1.53065e+149
1.77556e+149 1.77556e+149
-2.05964e+149 -2.05964e+149
2.38919e+149 2.38919e+149
-2.77146e+149 -2.77146e+149
3.21489e+149 3.21489e+149
-3.72927e+149 -3.72927e+149
4.32596e+149 4.32596e+149
-5.01811e+149 -5.01811e+149
5.82101e+149 5.82101e+149
-6.75237e+149 -6.75237e+149
7.83275e+149 7.83275e+149
-9.08599e+149 -9.08599e+149
1.05397e+150 1.05397e+150
-1.22261e+150 -1.22261e+150
1.41823e+150 1.41823e+150
-1.64515e+150 -1.64515e+150
1.90837e+150 1.90837e+150
-2.21371e+150 -2.21371e+150
2.5679e+150 2.5679e+150
-2.97876e+150 -2.97876e+150
3.45537e+150 3.45537e+150
-4.00823e+150 -4.00823e+150
4.64954e+150 4.64954e+150
-5.39347e+150 -5.39347e+150
6.25642e+150 6.25642e+150
-7.25745e+150 -7.25745e+150
8.41864e+150 8.41864e+150
-9.76563e+150 -9.76563e+150
1.13281e+151 1.13281e+151
-1.31406e+151 -1.31406e+151
1.52431e+151 1.52431e+151
-1.7682e+151 -1.7682e+151
2.05112e+151 2.05112e+151
-2.37929e+151 -2.37929e+151
2.75998e+151 2.75998e+151
-3.20158e+151 -3.20158e+151
3.71383e+151 3.71383e+151
-4.30804e+151 -4.30804e+151
4.99733e+151 4.99733e+151
-5.7969e+151 -5.7969e+151
6.72441e+151 6.72441e+151
-7.80031e+151 -7.80031e+151
9.04836e+151 9.04836e+151
-1.04961e+152 -1.04961e+152
1.21755e+152 1.21755e+152
-1.41236e+152 -1.41236e+152
1.63833e+152 1.63833e+152
-1.90046e+152 -1.90046e+152
2.20454e+152 2.20454e+152
-2.55727e+152 -2.55727e+152
2.96643e+152 2.96643e+152
-3.44106e+152 -3.44106e+152
3.99163e+152 3.99163e+152
-4.63029e+152 -4.63029e+152
5.37113e+152 5.37113e+152
-6.23051e+152 -6.23051e+152
7.22739e+152 7.22739e+152
-8.38378e+152 -8.38378e+152
9.72518e+152 9.72518e+152
-1.12812e+153 -1.12812e+153
1.30862e+153 1.30862e+153
-1.518e+153 -1.518e+153
1.76088e+153 1.76088e+153
-2.04262e+153 -2.04262e+153
2.36944e+153 2.36944e+153
-2.74855e+153 -2.74855e+153
3.18832e+153 3.18832e+153
-3.69845e+153 -3.69845e+153
4.2902e+153 4.2902e+153
-4.97663e+153 -4.97663e+153
5.77289e+153 5.77289e+153
-6.69656e+153 -6.69656e+153
7.76801e+153 7.76801e+153
-9.01089e+153 -9.01089e+153
1.04526e+154 1.04526e+154
-1.21251e+154 -1.21251e+154
1.40651e+154 1.40651e+154
-1.63155e+154 -1.63155e+154
1.89259e+154 1.89259e+154
-2.19541e+154 -2.19541e+154
2.54667e+154 2.54667e+154
-2.95414e+154 -2.95414e+154
3.42681e+154 3.42681e+154
-3.97509e+154 -3.97509e+154
4.61111e+154 4.61111e+154
-5.34889e+154 -5.34889e+154
6.20471e+154 6.20471e+154
-7.19746e+154 -7.19746e+154
8.34906e+154 8.34906e+154
-9.68491e+154 -9.68491e+154
1.12345e+155 1.12345e+155
-1.3032e+155 -1.3032e+155
1.51171e+155 1.51171e+155
-1.75359e+155 -1.75359e+155
2.03416e+155 2.03416e+155
-2.35963e+155 -2.35963e+155
2.73717e+155 2.73717e+155
-3.17511e+155 -3.17511e+155
3.68313e+155 3.68313e+155
-4.27243e+155 -4.27243e+155
4.95602e+155 4.95602e+155
-5.74899e+155 -5.74899e+155
6.66882e+155 6.66882e+155
-7.73584e+155 -7.73584e+155
8.97357e+155 8.97357e+155
-1.04093e+156 -1.04093e+156
1.20748e+156 1.20748e+156
-1.40068e+156 -1.40068e+156
1.62479e+156 1.62479e+156
-1.88476e+156 -1.88476e+156
2.18632e+156 2.18632e+156
-2.53613e+156 -2.53613e+156
2.94191e+156 2.94191e+156
-3.41261e+156 -3.41261e+156
3.95863e+156 3.95863e+156
-4.59201e+156 -4.59201e+156
5.32674e+156 5.32674e+156
-6.17901e+156 -6.17901e+156
7.16766e+156 7.16766e+156
-8.31448e+156 -8.31448e+156
9.6448e+156 9.6448e+156
-1.1188e+157 -1.1188e+157
1.2978e+157 1.2978e+157
-1.50545e+157 -1.50545e+157
1.74632e+157 1.74632e+157
-2.02574e+157 -2.02574e+157
2.34985e+157 2.34985e+157
-2.72583e+157 -2.72583e+157
3.16196e+157 3.16196e+157
-3.66788e+157 -3.66788e+157
4.25474e+157 4.25474e+157
-4.9355e+157 -4.9355e+157
5.72518e+157 5.72518e+157
-6.64121e+157 -6.64121e+157
7.7038e+157 7.7038e+157
-8.93641e+157 -8.93641e+157
1.03662e+158 1.03662e+158
-1.20248e+158 -1.20248e+158
1.39488e+158 1.39488e+158
-1.61806e+158 -1.61806e+158
1.87695e+158 1.87695e+158
-2.17726e+158 -2.17726e+158
2.52562e+158 2.52562e+158
-2.92972e+158 -2.92972e+158
3.39848e+158 3.39848e+158
-3.94224e+158 -3.94224e+158
4.573e+158 4.573e+158
-5.30468e+158 -5.30468e+158
6.15342e+158 6.15342e+158
-7.13797e+158 -7.13797e+158
8.28005e+158 8.28005e+158
-9.60485e+158 -9.60485e+158
1.11416e+159 1.11416e+159
-1.29243e+159 -1.29243e+159
1.49922e+159 1.49922e+159
-1.73909e+159 -1.73909e+159
2.01735e+159 2.01735e+159
-2.34012e+159 -2.34012e+159
2.71454e+159 2.71454e+159
-3.14887e+159 -3.14887e+159
3.65269e+159 3.65269e+159
-4.23712e+159 -4.23712e+159
4.91506e+159 4.91506e+159
-5.70147e+159 -5.70147e+159
6.6137e+159 6.6137e+159
-7.67189e+159 -7.67189e+159
8.8994e+159 8.8994e+159
-1.03233e+160 -1.03233e+160
1.1975e+160 1.1975e+160
-1.3891e+160 -1.3891e+160
1.61136e+160 1.61136e+160
-1.86918e+160 -1.86918e+160
2.16825e+160 2.16825e+160
-2.51517e+160 -2.51517e+160
2.91759e+160 2.91759e+160
-3.38441e+160 -3.38441e+160
3.92591e+160 3.92591e+160
-4.55406e+160 -4.55406e+160
5.28271e+160 5.28271e+160
-6.12794e+160 -6.12794e+160
7.10841e+160 7.10841e+160
-8.24576e+160 -8.24576e+160
9.56508e+160 9.56508e+160
-1.10955e+161 -1.10955e+161
1.28708e+161 1.28708e+161
-1.49301e+161 -1.49301e+161
1.73189e+161 1.73189e+161
-2.00899e+161 -2.00899e+161
2.33043e+161 2.33043e+161
-2.7033e+161 -2.7033e+161
3.13583e+161 3.13583e+161
-3.63756e+161 -3.63756e+161
4.21957e+161 4.21957e+161
-4.8947e+161 -4.8947e+161
5.67785e+161 5.67785e+161
-6.58631e+161 -6.58631e+161
7.64012e+161 7.64012e+161
-8.86254e+161 -8.86254e+161
1.02805e+162 1.02805e+162
-1.19254e+162 -1.19254e+162
1.38335e+162 1.38335e+162
-1.60469e+162 -1.60469e+162
1.86144e+162 1.86144e+162
-2.15927e+162 -2.15927e+162
2.50475e+162 2.50475e+162
-2.90551e+162 -2.90551e+162
3.37039e+162 3.37039e+162
-3.90965e+162 -3.90965e+162
4.5352e+162 4.5352e+162
-5.26083e+162 -5.26083e+162
6.10256e+162 6.10256e+162
-7.07897e+162 -7.07897e+162
8.21161e+162 8.21161e+162
-9.52546e+162 -9.52546e+162
1.10495e+163 1.10495e+163
-1.28175e+163 -1.28175e+163
1.48683e+163 1.48683e+163
-1.72472e+163 -1.72472e+163
2.00067e+163 2.00067e+163
-2.32078e+163 -2.32078e+163
2.69211e+163 2.69211e+163
-3.12284e+163 -3.12284e+163
3.6225e+163 3.6225e+163
-4.2021e+163 -4.2021e+163
4.87443e+163 4.87443e+163
-5.65434e+163 -5.65434e+163
6.55903e+163 6.55903e+163
-7.60848e+163 -7.60848e+163
8.82584e+163 8.82584e+163
-1.0238e+164 -1.0238e+164
1.1876e+164 1.1876e+164
-1.37762e+164 -1.37762e+164
1.59804e+164 1.59804e+164
-1.85373e+164 -1.85373e+164
2.15032e+164 2.15032e+164
-2.49438e+164 -2.49438e+164
2.89348e+164 2.89348e+164
-3.35643e+164 -3.35643e+164
3.89346e+164 3.89346e+164
-4.51641e+164 -4.51641e+164
5.23904e+164 5.23904e+164
-6.07729e+164 -6.07729e+164
7.04965e+164 7.04965e+164
-8.1776e+164 -8.1776e+164
9.48601e+164 9.48601e+164
-1.10038e+165 -1.10038e+165
1.27644e+165 1.27644e+165
-1.48067e+165 -1.48067e+165
1.71758e+165 1.71758e+165
-1.99239e+165 -1.99239e+165
2.31117e+165 2.31117e+165
-2.68096e+165 -2.68096e+165
3.10991e+165 3.10991e+165
-3.60749e+165 -3.60749e+165
4.18469e+165 4.18469e+165
-4.85424e+165 -4.85424e+165
5.63092e+165 5.63092e+165
-6.53187e+165 -6.53187e+165
7.57697e+165 7.57697e+165
-8.78929e+165 -8.78929e+165
1.01956e+166 1.01956e+166
-1.18269e+166 -1.18269e+166
1.37192e+166 1.37192e+166
-1.59142e+166 -1.59142e+166
1.84605e+166 1.84605e+166
-2.14142e+166 -2.14142e+166
2.48405e+166 2.48405e+166
-2.88149e+166 -2.88149e+166
3.34253e+166 3.34253e+166
-3.87734e+166 -3.87734e+166
4.49771e+166 4.49771e+166
-5.21734e+166 -5.21734e+166
6.05212e+166 6.05212e+166
-7.02046e+166 -7.02046e+166
8.14373e+166 8.14373e+166
-9.44673e+166 -9.44673e+166
1.09582e+167 1.09582e+167
-1.27115e+167 -1.27115e+167
1.47454e+167 1.47454e+167
-1.71046e+167 -1.71046e+167
1.98414e+167 1.98414e+167
-2.3016e+167 -2.3016e+167
2.66985e+167 2.66985e+167
-3.09703e+167 -3.09703e+167
3.59255e+167 3.59255e+167
-4.16736e+167 -4.16736e+167
4.83414e+167 4.83414e+167
-5.6076e+167 -5.6076e+167
6.50482e+167 6.50482e+167
-7.54559e+167 -7.54559e+167
8.75289e+167 8.75289e+167
-1.01533e+168 -1.01533e+168
1.17779e+168 1.17779e+168
-1.36623e+168 -1.36623e+168
1.58483e+168 1.58483e+168
-1.83841e+168 -1.83841e+168
2.13255e+168 2.13255e+168
-2.47376e+168 -2.47376e+168
2.86956e+168 2.86956e+168
-3.32869e+168 -3.32869e+168
3.86128e+168 3.86128e+168
-4.47908e+168 -4.47908e+168
5.19574e+168 5.19574e+168
-6.02705e+168 -6.02705e+168
6.99138e+168 6.99138e+168
-8.11e+168 -8.11e+168
9.40761e+168 9.40761e+168
-1.09128e+169 -1.09128e+169
1.26589e+169 1.26589e+169
-1.46843e+169 -1.46843e+169
1.70338e+169 1.70338e+169
-1.97592e+169 -1.97592e+169
2.29207e+169 2.29207e+169
-2.6588e+169 -2.6588e+169
3.0842e+169 3.0842e+169
-3.57768e+169 -3.57768e+169
4.1501e+169 4.1501e+169
-4.81412e+169 -4.81412e+169
5.58438e+169 5.58438e+169
-6.47788e+169 -6.47788e+169
7.51434e+169 7.51434e+169
-8.71664e+169 -8.71664e+169
1.01113e+170 1.01113e+170
-1.17291e+170 -1.17291e+170
1.36058e+170 1.36058e+170
-1.57827e+170 -1.57827e+170
1.83079e+170 1.83079e+170
-2.12372e+170 -2.12372e+170
2.46351e+170 2.46351e+170
-2.85768e+170 -2.85768e+170
3.3149e+170 3.3149e+170
-3.84529e+170 -3.84529e+170
4.46053e+170 4.46053e+170
-5.17422e+170 -5.17422e+170
6.00209e+170 6.00209e+170
-6.96243e+170 -6.96243e+170
8.07642e+170 8.07642e+170
-9.36864e+170 -9.36864e+170
1.08676e+171 1.08676e+171
-1.26064e+171 -1.26064e+171
1.46235e+171 1.46235e+171
-1.69632e+171 -1.69632e+171
1.96774e+171 1.96774e+171
-2.28257e+171 -2.28257e+171
2.64778e+171 2.64778e+171
-3.07143e+171 -3.07143e+171
3.56286e+171 3.56286e+171
-4.13292e+171 -4.13292e+171
4.79418e+171 4.79418e+171
-5.56125e+171 -5.56125e+171
6.45105e+171 6.45105e+171
-7.48322e+171 -7.48322e+171
8.68054e+171 8.68054e+171
-1.00694e+172 -1.00694e+172
1.16805e+172 1.16805e+172
-1.35494e+172 -1.35494e+172
1.57173e+172 1.57173e+172
-1.82321e+172 -1.82321e+172
2.11492e+172 2.11492e+172
-2.45331e+172 -2.45331e+172
2.84584e+172 2.84584e+172
-3.30117e+172 -3.30117e+172
3.82936e+172 3.82936e+172
-4.44206e+172 -4.44206e+172
5.15279e+172 5.15279e+172
-5.97724e+172 -5.97724e+172
6.93359e+172 6.93359e+172
-8.04297e+172 -8.04297e+172
9.32984e+172 9.32984e+172
-1.08226e+173 -1.08226e+173
1.25542e+173 1.25542e+173
-1.45629e+173 -1.45629e+173
1.6893e+173 1.6893e+173
-1.95959e+173 -1.95959e+173
2.27312e+173 2.27312e+173
-2.63682e+173 -2.63682e+173
3.05871e+173 3.05871e+173
-3.5481e+173 -3.5481e+173
4.1158e+173 4.1158e+173
-4.77433e+173 -4.77433e+173
5.53822e+173 5.53822e+173
-6.42434e+173 -6.42434e+173
7.45223e+173 7.45223e+173
-8.64459e+173 -8.64459e+173
1.00277e+174 1.00277e+174
-1.16322e+174 -1.16322e+174
1.34933e+174 1.34933e+174
-1.56522e+174 -1.56522e+174
1.81566e+174 1.81566e+174
-2.10616e+174 -2.10616e+174
2.44315e+174 2.44315e+174
-2.83405e+174 -2.83405e+174
3.2875e+174 3.2875e+174
-3.8135e+174 -3.8135e+174
4.42366e+174 4.42366e+174
-5.13145e+174 -5.13145e+174
5.95248e+174 5.95248e+174
-6.90488e+174 -6.90488e+174
8.00966e+174 8.00966e+174
-9.29121e+174 -9.29121e+174
1.07778e+175 1.07778e+175
-1.25022e+175 -1.25022e+175
1.45026e+175 1.45026e+175
-1.6823e+175 -1.6823e+175
1.95147e+175 1.95147e+175
-2.26371e+175 -2.26371e+175
2.6259e+175 2.6259e+175
-3.04604e+175 -3.04604e+175
3.53341e+175 3.53341e+175
-4.09876e+175 -4.09876e+175
4.75456e+175 4.75456e+175
-5.51528e+175 -5.51528e+175
6.39773e+175 6.39773e+175
-7.42137e+175 -7.42137e+175
8.60879e+175 8.60879e+175
-9.98619e+175 -9.98619e+175
1.1584e+176 1.1584e+176
-1.34374e+176 -1.34374e+176
1.55874e+176 1.55874e+176
-1.80814e+176 -1.80814e+176
2.09744e+176 2.09744e+176
-2.43303e+176 -2.43303e+176
2.82232e+176 2.82232e+176
-3.27389e+176 -3.27389e+176
3.79771e+176 3.79771e+176
-4.40534e+176 -4.40534e+176
5.1102e+176 5.1102e+176
-5.92783e+176 -5.92783e+176
6.87628e+176 6.87628e+176
-7.97649e+176 -7.97649e+176
9.25273e+176 9.25273e+176
-1.07332e+177 -1.07332e+177
1.24505e+177 1.24505e+177
-1.44425e+177 -1.44425e+177
1.67534e+177 1.67534e+177
-1.94339e+177 -1.94339e+177
2.25433e+177 2.25433e+177
-2.61502e+177 -2.61502e+177
3.03343e+177 3.03343e+177
-3.51878e+177 -3.51878e+177
4.08178e+177 4.08178e+177
-4.73487e+177 -4.73487e+177
5.49244e+177 5.49244e+177
-6.37123e+177 -6.37123e+177
7.39063e+177 7.39063e+177
-8.57313e+177 -8.57313e+177
9.94483e+177 9.94483e+177
-1.1536e+178 -1.1536e+178
1.33818e+178 1.33818e+178
-1.55229e+178 -1.55229e+178
1.80065e+178 1.80065e+178
-2.08876e+178 -2.08876e+178
2.42296e+178 2.42296e+178
-2.81063e+178 -2.81063e+178
3.26033e+178 3.26033e+178
-3.78198e+178 -3.78198e+178
4.3871e+178 4.3871e+178
-5.08904e+178 -5.08904e+178
5.90328e+178 5.90328e+178
-6.84781e+178 -6.84781e+178
7.94345e+178 7.94345e+178
-9.21441e+178 -9.21441e+178
1.06887e+179 1.06887e+179
-1.23989e+179 -1.23989e+179
1.43827e+179 1.43827e+179
-1.6684e+179 -1.6684e+179
1.93534e+179 1.93534e+179
-2.24499e+179 -2.24499e+179
2.60419e+179 2.60419e+179
-3.02087e+179 -3.02087e+179
3.5042e+179 3.5042e+179
-4.06488e+179 -4.06488e+179
4.71526e+179 4.71526e+179
-5.4697e+179 -5.4697e+179
6.34485e+179 6.34485e+179
-7.36002e+179 -7.36002e+179
8.53763e+179 8.53763e+179
-9.90365e+179 -9.90365e+179
1.14882e+180 1.14882e+180
-1.33264e+180 -1.33264e+180
1.54586e+180 1.54586e+180
-1.79319e+180 -1.79319e+180
2.0801e+180 2.0801e+180
-2.41292e+180 -2.41292e+180
2.79899e+180 2.79899e+180
-3.24683e+180 -3.24683e+180
3.76632e+180 3.76632e+180
-4.36893e+180 -4.36893e+180
5.06796e+180 5.06796e+180
-5.87883e+180 -5.87883e+180
6.81945e+180 6.81945e+180
-7.91056e+180 -7.91056e+180
9.17625e+180 9.17625e+180
-1.06444e+181 -1.06444e+181
1.23476e+181 1.23476e+181
-1.43232e+181 -1.43232e+181
1.66149e+181 1.66149e+181
-1.92733e+181 -1.92733e+181
2.2357e+181 2.2357e+181
-2.59341e+181 -2.59341e+181
3.00835e+181 3.00835e+181
-3.48969e+181 -3.48969e+181
4.04804e+181 4.04804e+181
-4.69573e+181 -4.69573e+181
5.44704e+181 5.44704e+181
-6.31857e+181 -6.31857e+181
7.32954e+181 7.32954e+181
-8.50227e+181 -8.50227e+181
9.86263e+181 9.86263e+181
-1.14407e+182 -1.14407e+182
1.32712e+182 1.32712e+182
-1.53945e+182 -1.53945e+182
1.78577e+182 1.78577e+182
-2.07149e+182 -2.07149e+182
2.40293e+182 2.40293e+182
-2.7874e+182 -2.7874e+182
3.23338e+182 3.23338e+182
-3.75072e+182 -3.75072e+182
4.35084e+182 4.35084e+182
-5.04697e+182 -5.04697e+182
5.85449e+182 5.85449e+182
-6.7912e+182 -6.7912e+182
7.8778e+182 7.8778e+182
-9.13824e+182 -9.13824e+182
1.06004e+183 1.06004e+183
-1.22964e+183 -1.22964e+183
1.42638e+183 1.42638e+183
-1.65461e+183 -1.65461e+183
1.91934e+183 1.91934e+183
-2.22644e+183 -2.22644e+183
2.58267e+183 2.58267e+183
-2.9959e+183 -2.9959e+183
3.47524e+183 3.47524e+183
-4.03128e+183 -4.03128e+183
4.67628e+183 4.67628e+183
-5.42449e+183 -5.42449e+183
6.2924e+183 6.2924e+183
-7.29919e+183 -7.29919e+183
8.46706e+183 8.46706e+183
-9.82179e+183 -9.82179e+183
1.13933e+184 1.13933e+184
-1.32162e+184 -1.32162e+184
1.53308e+184 1.53308e+184
-1.77837e+184 -1.77837e+184
2.06291e+184 2.06291e+184
-2.39298e+184 -2.39298e+184
2.77585e+184 2.77585e+184
-3.21999e+184 -3.21999e+184
3.73519e+184 3.73519e+184
-4.33282e+184 -4.33282e+184
5.02607e+184 5.02607e+184
-5.83024e+184 -5.83024e+184
6.76308e+184 6.76308e+184
-7.84517e+184 -7.84517e+184
9.1004e+184 9.1004e+184
-1.05565e+185 -1.05565e+185
1.22455e+185 1.22455e+185
-1.42048e+185 -1.42048e+185
1.64775e+185 1.64775e+185
-1.91139e+185 -1.91139e+185
2.21722e+185 2.21722e+185
-2.57197e+185 -2.57197e+185
2.98349e+185 2.98349e+185
-3.46085e+185 -3.46085e+185
4.01458e+185 4.01458e+185
-4.65691e+185 -4.65691e+185
5.40202e+185 5.40202e+185
-6.26634e+185 -6.26634e+185
7.26896e+185 7.26896e+185
-8.43199e+185 -8.43199e+185
9.78111e+185 9.78111e+185
-1.13461e+186 -1.13461e+186
1.31615e+186 1.31615e+186
-1.52673e+186 -1.52673e+186
1.77101e+186 1.77101e+186
-2.05437e+186 -2.05437e+186
2.38307e+186 2.38307e+186
-2.76436e+186 -2.76436e+186
3.20665e+186 3.20665e+186
-3.71972e+186 -3.71972e+186
4.31487e+186 4.31487e+186
-5.00525e+186 -5.00525e+186
5.80609e+186 5.80609e+186
-6.73507e+186 -6.73507e+186
7.81268e+186 7.81268e+186
-9.06271e+186 -9.06271e+186
1.05127e+187 1.05127e+187
-1.21948e+187 -1.21948e+187
1.41459e+187 1.41459e+187
-1.64093e+187 -1.64093e+187
1.90348e+187 1.90348e+187
-2.20804e+187 -2.20804e+187
2.56132e+187 2.56132e+187
-2.97113e+187 -2.97113e+187
3.44651e+187 3.44651e+187
-3.99796e+187 -3.99796e+187
4.63763e+187 4.63763e+187
-5.37965e+187 -5.37965e+187
6.24039e+187 6.24039e+187
-7.23886e+187 -7.23886e+187
8.39707e+187 8.39707e+187
-9.7406e+187 -9.7406e+187
1.12991e+188 1.12991e+188
-1.3107e+188 -1.3107e+188
1.52041e+188 1.52041e+188
-1.76367e+188 -1.76367e+188
2.04586e+188 2.04586e+188
-2.3732e+188 -2.3732e+188
2.75291e+188 2.75291e+188
-3.19337e+188 -3.19337e+188
3.70431e+188 3.70431e+188
-4.297e+188 -4.297e+188
4.98453e+188 4.98453e+188
-5.78205e+188 -5.78205e+188
6.70718e+188 6.70718e+188
-7.78033e+188 -7.78033e+188
9.02518e+188 9.02518e+188
-1.04692e+189 -1.04692e+189
1.21443e+189 1.21443e+189
-1.40874e+189 -1.40874e+189
1.63413e+189 1.63413e+189
-1.8956e+189 -1.8956e+189
2.19889e+189 2.19889e+189
-2.55071e+189 -2.55071e+189
2.95883e+189 2.95883e+189
-3.43224e+189 -3.43224e+189
3.9814e+189 3.9814e+189
-4.61842e+189 -4.61842e+189
5.35737e+189 5.35737e+189
-6.21455e+189 -6.21455e+189
7.20888e+189 7.20888e+189
-8.3623e+189 -8.3623e+189
9.70026e+189 9.70026e+189
-1.12523e+190 -1.12523e+190
1.30527e+190 1.30527e+190
-1.51411e+190 -1.51411e+190
1.75637e+190 1.75637e+190
-2.03739e+190 -2.03739e+190
2.36337e+190 2.36337e+190
-2.74151e+190 -2.74151e+190
3.18015e+190 3.18015e+190
-3.68897e+190 -3.68897e+190
4.27921e+190 4.27921e+190
-4.96388e+190 -4.96388e+190
5.7581e+190 5.7581e+190
-6.6794e+190 -6.6794e+190
7.7481e+190 7.7481e+190
-8.9878e+190 -8.9878e+190
1.04258e+191 1.04258e+191
-1.2094e+191 -1.2094e+191
1.4029e+191 1.4029e+191
-1.62737e+191 -1.62737e+191
1.88775e+191 1.88775e+191
-2.18978e+191 -2.18978e+191
2.54015e+191 2.54015e+191
-2.94657e+191 -2.94657e+191
3.41803e+191 3.41803e+191
-3.96491e+191 -3.96491e+191
4.5993e+191 4.5993e+191
-5.33518e+191 -5.33518e+191
6.18881e+191 6.18881e+191
-7.17902e+191 -7.17902e+191
8.32767e+191 8.32767e+191
-9.66009e+191 -9.66009e+191
1.12057e+192 1.12057e+192
-1.29986e+192 -1.29986e+192
1.50784e+192 1.50784e+192
-1.74909e+192 -1.74909e+192
2.02895e+192 2.02895e+192
-2.35358e+192 -2.35358e+192
2.73015e+192 2.73015e+192
-3.16698e+192 -3.16698e+192
3.6737e+192 3.6737e+192
-4.26149e+192 -4.26149e+192
4.94332e+192 4.94332e+192
-5.73426e+192 -5.73426e+192
6.65174e+192 6.65174e+192
-7.71602e+192 -7.71602e+192
8.95058e+192 8.95058e+192
-1.03827e+193 -1.03827e+193
1.20439e+193 1.20439e+193
-1.39709e+193 -1.39709e+193
1.62063e+193 1.62063e+193
-1.87993e+193 -1.87993e+193
2.18072e+193 2.18072e+193
-2.52963e+193 -2.52963e+193
2.93437e+193 2.93437e+193
-3.40387e+193 -3.40387e+193
3.94849e+193 3.94849e+193
-4.58025e+193 -4.58025e+193
5.31309e+193 5.31309e+193
-6.16318e+193 -6.16318e+193
7.14929e+193 7.14929e+193
-8.29318e+193 -8.29318e+193
9.62008e+193 9.62008e+193
-1.11593e+194 -1.11593e+194
1.29448e+194 1.29448e+194
-1.5016e+194 -1.5016e+194
1.74185e+194 1.74185e+194
-2.02055e+194 -2.02055e+194
2.34383e+194 2.34383e+194
-2.71885e+194 -2.71885e+194
3.15386e+194 3.15386e+194
-3.65848e+194 -3.65848e+194
4.24384e+194 4.24384e+194
-4.92285e+194 -4.92285e+194
5.71051e+194 5.71051e+194
-6.62419e+194 -6.62419e+194
7.68406e+194 7.68406e+194
-8.91351e+194 -8.91351e+194
1.03397e+195 1.03397e+195
-1.1994e+195 -1.1994e+195
1.39131e+195 1.39131e+195
-1.61392e+195 -1.61392e+195
1.87214e+195 1.87214e+195
-2.17168e+195 -2.17168e+195
2.51915e+195 2.51915e+195
-2.92222e+195 -2.92222e+195
3.38977e+195 3.38977e+195
-3.93214e+195 -3.93214e+195
4.56128e+195 4.56128e+195
-5.29108e+195 -5.29108e+195
6.13766e+195 6.13766e+195
-7.11968e+195 -7.11968e+195
8.25883e+195 8.25883e+195
-9.58024e+195 -9.58024e+195
1.11131e+196 1.11131e+196
-1.28912e+196 -1.28912e+196
1.49538e+196 1.49538e+196
-1.73464e+196 -1.73464e+196
2.01218e+196 2.01218e+196
-2.33413e+196 -2.33413e+196
2.70759e+196 2.70759e+196
-3.1408e+196 -3.1408e+196
3.64333e+196 3.64333e+196
-4.22626e+196 -4.22626e+196
4.90246e+196 4.90246e+196
-5.68686e+196 -5.68686e+196
6.59676e+196 6.59676e+196
-7.65224e+196 -7.65224e+196
8.8766e+196 8.8766e+196
-1.02969e+197 -1.02969e+197
1.19443e+197 1.19443e+197
-1.38554e+197 -1.38554e+197
1.60723e+197 1.60723e+197
-1.86439e+197 -1.86439e+197
2.16269e+197 2.16269e+197
-2.50872e+197 -2.50872e+197
2.91012e+197 2.91012e+197
-3.37573e+197 -3.37573e+197
3.91585e+197 3.91585e+197
-4.54239e+197 -4.54239e+197
5.26917e+197 5.26917e+197
-6.11224e+197 -6.11224e+197
7.0902e+197 7.0902e+197
-8.22463e+197 -8.22463e+197
9.54057e+197 9.54057e+197
-1.10671e+198 -1.10671e+198
1.28378e+198 1.28378e+198
-1.48918e+198 -1.48918e+198
1.72745e+198 1.72745e+198
-2.00385e+198 -2.00385e+198
2.32446e+198 2.32446e+198
-2.69637e+198 -2.69637e+198
3.12779e+198 3.12779e+198
-3.62824e+198 -3.62824e+198
4.20876e+198 4.20876e+198
-4.88216e+198 -4.88216e+198
5.66331e+198 5.66331e+198
-6.56944e+198 -6.56944e+198
7.62055e+198 7.62055e+198
-8.83983e+198 -8.83983e+198
1.02542e+199 1.02542e+199
-1.18949e+199 -1.18949e+199
1.37981e+199 1.37981e+199
-1.60058e+199 -1.60058e+199
1.85667e+199 1.85667e+199
-2.15373e+199 -2.15373e+199
2.49833e+199 2.49833e+199
-2.89806e+199 -2.89806e+199
3.36175e+199 3.36175e+199
-3.89964e+199 -3.89964e+199
4.52358e+199 4.52358e+199
-5.24735e+199 -5.24735e+199
6.08692e+199 6.08692e+199
-7.06083e+199 -7.06083e+199
8.19057e+199 8.19057e+199
-9.50106e+199 -9.50106e+199
1.10212e+200 1.10212e+200
-1.27846e+200 -1.27846e+200
1.48302e+200 1.48302e+200
-1.7203e+200 -1.7203e+200
1.99555e+200 1.99555e+200
-2.31483e+200 -2.31483e+200
2.68521e+200 2.68521e+200
-3.11484e+200 -3.11484e+200
3.61322e+200 3.61322e+200
-4.19133e+200 -4.19133e+200
4.86194e+200 4.86194e+200
-5.63985e+200 -5.63985e+200
6.54223e+200 6.54223e+200
-7.58899e+200 -7.58899e+200
8.80322e+200 8.80322e+200
-1.02117e+201 -1.02117e+201
1.18456e+201 1.18456e+201
-1.37409e+201 -1.37409e+201
1.59395e+201 1.59395e+201
-1.84898e+201 -1.84898e+201
2.14481e+201 2.14481e+201
-2.48798e+201 -2.48798e+201
2.88606e+201 2.88606e+201
-3.34783e+201 -3.34783e+201
3.88349e+201 3.88349e+201
-4.50484e+201 -4.50484e+201
5.22562e+201 5.22562e+201
-6.06172e+201 -6.06172e+201
7.03159e+201 7.03159e+201
-8.15665e+201 -8.15665e+201
9.46171e+201 9.46171e+201
-1.09756e+202 -1.09756e+202
1.27317e+202 1.27317e+202
-1.47687e+202 -1.47687e+202
1.71317e+202 1.71317e+202
-1.98728e+202 -1.98728e+202
2.30525e+202 2.30525e+202
-2.67409e+202 -2.67409e+202
3.10194e+202 3.10194e+202
-3.59825e+202 -3.59825e+202
4.17397e+202 4.17397e+202
-4.84181e+202 -4.84181e+202
5.6165e+202 5.6165e+202
-6.51514e+202 -6.51514e+202
7.55756e+202 7.55756e+202
-8.76677e+202 -8.76677e+202
1.01694e+203 1.01694e+203
-1.17966e+203 -1.17966e+203
1.3684e+203 1.3684e+203
-1.58735e+203 -1.58735e+203
1.84132e+203 1.84132e+203
-2.13593e+203 -2.13593e+203
2.47768e+203 2.47768e+203
-2.87411e+203 -2.87411e+203
3.33397e+203 3.33397e+203
-3.8674e+203 -3.8674e+203
4.48619e+203 4.48619e+203
-5.20398e+203 -5.20398e+203
6.03661e+203 6.03661e+203
-7.00247e+203 -7.00247e+203
8.12287e+203 8.12287e+203
-9.42252e+203 -9.42252e+203
1.09301e+204 1.09301e+204
-1.26789e+204 -1.26789e+204
1.47076e+204 1.47076e+204
-1.70608e+204 -1.70608e+204
1.97905e+204 1.97905e+204
-2.2957e+204 -2.2957e+204
2.66301e+204 2.66301e+204
-3.08909e+204 -3.08909e+204
3.58335e+204 3.58335e+204
-4.15669e+204 -4.15669e+204
4.82175e+204 4.82175e+204
-5.59324e+204 -5.59324e+204
6.48815e+204 6.48815e+204
-7.52626e+204 -7.52626e+204
8.73046e+204 8.73046e+204
-1.01273e+205 -1.01273e+205
1.17477e+205 1.17477e+205
-1.36273e+205 -1.36273e+205
1.58077e+205 1.58077e+205
-1.83369e+205 -1.83369e+205
2.12709e+205 2.12709e+205
-2.46742e+205 -2.46742e+205
2.86221e+205 2.86221e+205
-3.32016e+205 -3.32016e+205
3.85139e+205 3.85139e+205
-4.46761e+205 -4.46761e+205
5.18242e+205 5.18242e+205
-6.01161e+205 -6.01161e+205
6.97347e+205 6.97347e+205
-8.08922e+205 -8.08922e+205
9.3835e+205 9.3835e+205
-1.08849e+206 -1.08849e+206
1.26264e+206 1.26264e+206
-1.46467e+206 -1.46467e+206
1.69901e+206 1.69901e+206
-1.97086e+206 -1.97086e+206
2.28619e+206 2.28619e+206
-2.65198e+206 -2.65198e+206
3.0763e+206 3.0763e+206
-3.56851e+206 -3.56851e+206
4.13947e+206 4.13947e+206
-4.80179e+206 -4.80179e+206
5.57007e+206 5.57007e+206
-6.46128e+206 -6.46128e+206
7.49509e+206 7.49509e+206
-8.6943e+206 -8.6943e+206
1.00854e+207 1.00854e+207
-1.16991e+207 -1.16991e+207
1.35709e+207 1.35709e+207
-1.57422e+207 -1.57422e+207
1.8261e+207 1.8261e+207
-2.11828e+207 -2.11828e+207
2.4572e+207 2.4572e+207
-2.85035e+207 -2.85035e+207
3.30641e+207 3.30641e+207
-3.83544e+207 -3.83544e+207
4.4491e+207 4.4491e+207
-5.16096e+207 -5.16096e+207
5.98672e+207 5.98672e+207
-6.94459e+207 -6.94459e+207
8.05572e+207 8.05572e+207
-9.34464e+207 -9.34464e+207
1.08398e+208 1.08398e+208
-1.25741e+208 -1.25741e+208
1.4586e+208 1.4586e+208
-1.69198e+208 -1.69198e+208
1.96269e+208 1.96269e+208
-2.27672e+208 -2.27672e+208
2.641e+208 2.641e+208
-3.06356e+208 -3.06356e+208
3.55373e+208 3.55373e+208
-4.12233e+208 -4.12233e+208
4.7819e+208 4.7819e+208
-5.547e+208 -5.547e+208
6.43452e+208 6.43452e+208
-7.46405e+208 -7.46405e+208
8.6583e+208 8.6583e+208
-1.00436e+209 -1.00436e+209
1.16506e+209 1.16506e+209
-1.35147e+209 -1.35147e+209
1.56771e+209 1.56771e+209
-1.81854e+209 -1.81854e+209
2.1095e+209 2.1095e+209
-2.44702e+209 -2.44702e+209
2.83855e+209 2.83855e+209
-3.29272e+209 -3.29272e+209
3.81955e+209 3.81955e+209
-4.43068e+209 -4.43068e+209
5.13959e+209 5.13959e+209
-5.96192e+209 -5.96192e+209
6.91583e+209 6.91583e+209
-8.02236e+209 -8.02236e+209
9.30594e+209 9.30594e+209
-1.07949e+210 -1.07949e+210
1.25221e+210 1.25221e+210
-1.45256e+210 -1.45256e+210
1.68497e+210 1.68497e+210
-1.95457e+210 -1.95457e+210
2.2673e+210 2.2673e+210
-2.63006e+210 -2.63006e+210
3.05087e+210 3.05087e+210
-3.53901e+210 -3.53901e+210
4.10525e+210 4.10525e+210
-4.7621e+210 -4.7621e+210
5.52403e+210 5.52403e+210
-6.40788e+210 -6.40788e+210
7.43314e+210 7.43314e+210
-8.62244e+210 -8.62244e+210
1.0002e+211 1.0002e+211
-1.16024e+211 -1.16024e+211
1.34587e+211 1.34587e+211
-1.56121e+211 -1.56121e+211
1.81101e+211 1.81101e+211
-2.10077e+211 -2.10077e+211
2.43689e+211 2.43689e+211
-2.82679e+211 -2.82679e+211
3.27908e+211 3.27908e+211
-3.80373e+211 -3.80373e+211
4.41233e+211 4.41233e+211
-5.1183e+211 -5.1183e+211
5.93723e+211 5.93723e+211
-6.88719e+211 -6.88719e+211
7.98914e+211 7.98914e+211
-9.2674e+211 -9.2674e+211
1.07502e+212 1.07502e+212
-1.24702e+212 -1.24702e+212
1.44654e+212 1.44654e+212
-1.67799e+212 -1.67799e+212
1.94647e+212 1.94647e+212
-2.25791e+212 -2.25791e+212
2.61917e+212 2.61917e+212
-3.03824e+212 -3.03824e+212
3.52436e+212 3.52436e+212
-4.08825e+212 -4.08825e+212
4.74237e+212 4.74237e+212
-5.50115e+212 -5.50115e+212
6.38134e+212 6.38134e+212
-7.40235e+212 -7.40235e+212
8.58673e+212 8.58673e+212
-9.96061e+212 -9.96061e+212
1.15543e+213 1.15543e+213
-1.3403e+213 -1.3403e+213
1.55475e+213 1.55475e+213
-1.80351e+213 -1.80351e+213
2.09207e+213 2.09207e+213
-2.4268e+213 -2.4268e+213
2.81509e+213 2.81509e+213
-3.2655e+213 -3.2655e+213
3.78798e+213 3.78798e+213
-4.39406e+213 -4.39406e+213
5.09711e+213 5.09711e+213
-5.91264e+213 -5.91264e+213
6.85866e+213 6.85866e+213
-7.95605e+213 -7.95605e+213
9.22902e+213 9.22902e+213
-1.07057e+214 -1.07057e+214
1.24186e+214 1.24186e+214
-1.44055e+214 -1.44055e+214
1.67104e+214 1.67104e+214
-1.93841e+214 -1.93841e+214
2.24855e+214 2.24855e+214
-2.60832e+214 -2.60832e+214
3.02566e+214 3.02566e+214
-3.50976e+214 -3.50976e+214
4.07132e+214 4.07132e+214
-4.72273e+214 -4.72273e+214
5.47837e+214 5.47837e+214
-6.35491e+214 -6.35491e+214
7.3717e+214 7.3717e+214
-8.55117e+214 -8.55117e+214
9.91935e+214 9.91935e+214
-1.15065e+215 -1.15065e+215
1.33475e+215 1.33475e+215
-1.54831e+215 -1.54831e+215
1.79604e+215 1.79604e+215
-2.0834e+215 -2.0834e+215
2.41675e+215 2.41675e+215
-2.80343e+215 -2.80343e+215
3.25198e+215 3.25198e+215
-3.77229e+215 -3.77229e+215
4.37586e+215 4.37586e+215
-5.076e+215 -5.076e+215
5.88816e+215 5.88816e+215
-6.83026e+215 -6.83026e+215
7.9231e+215 7.9231e+215
-9.1908e+215 -9.1908e+215
1.06613e+216 1.06613e+216
-1.23671e+216 -1.23671e+216
1.43459e+216 1.43459e+216
-1.66412e+216 -1.66412e+216
1.93038e+216 1.93038e+216
-2.23924e+216 -2.23924e+216
2.59752e+216 2.59752e+216
-3.01312e+216 -3.01312e+216
3.49522e+216 3.49522e+216
-4.05446e+216 -4.05446e+216
4.70317e+216 4.70317e+216
-5.45568e+216 -5.45568e+216
6.32859e+216 6.32859e+216
-7.34117e+216 -7.34117e+216
8.51575e+216 8.51575e+216
-9.87827e+216 -9.87827e+216
1.14588e+217 1.14588e+217
-1.32922e+217 -1.32922e+217
1.5419e+217 1.5419e+217
-1.7886e+217 -1.7886e+217
2.07477e+217 2.07477e+217
-2.40674e+217 -2.40674e+217
2.79182e+217 2.79182e+217
-3.23851e+217 -3.23851e+217
3.75667e+217 3.75667e+217
-4.35774e+217 -4.35774e+217
5.05497e+217 5.05497e+217
-5.86377e+217 -5.86377e+217
6.80197e+217 6.80197e+217
-7.89029e+217 -7.89029e+217
9.15274e+217 9.15274e+217
-1.06172e+218 -1.06172e+218
1.23159e+218 1.23159e+218
-1.42865e+218 -1.42865e+218
1.65723e+218 1.65723e+218
-1.92239e+218 -1.92239e+218
2.22997e+218 2.22997e+218
-2.58676e+218 -2.58676e+218
3.00065e+218 3.00065e+218
-3.48075e+218 -3.48075e+218
4.03767e+218 4.03767e+218
-4.6837e+218 -4.6837e+218
5.43309e+218 5.43309e+218
-6.30238e+218 -6.30238e+218
7.31076e+218 7.31076e+218
-8.48049e+218 -8.48049e+218
9.83736e+218 9.83736e+218
-1.14113e+219 -1.14113e+219
1.32372e+219 1.32372e+219
-1.53551e+219 -1.53551e+219
1.78119e+219 1.78119e+219
-2.06618e+219 -2.06618e+219
2.39677e+219 2.39677e+219
-2.78026e+219 -2.78026e+219
3.2251e+219 3.2251e+219
-3.74111e+219 -3.74111e+219
4.33969e+219 4.33969e+219
-5.03404e+219 -5.03404e+219
5.83949e+219 5.83949e+219
-6.7738e+219 -6.7738e+219
7.85761e+219 7.85761e+219
-9.11483e+219 -9.11483e+219
1.05732e+220 1.05732e+220
-1.22649e+220 -1.22649e+220
1.42273e+220 1.42273e+220
-1.65037e+220 -1.65037e+220
1.91443e+220 1.91443e+220
-2.22073e+220 -2.22073e+220
2.57605e+220 2.57605e+220
-2.98822e+220 -2.98822e+220
3.46633e+220 3.46633e+220
-4.02095e+220 -4.02095e+220
4.6643e+220 4.6643e+220
-5.41059e+220 -5.41059e+220
6.27628e+220 6.27628e+220
-7.28049e+220 -7.28049e+220
8.44536e+220 8.44536e+220
-9.79662e+220 -9.79662e+220
1.13641e+221 1.13641e+221
-1.31823e+221 -1.31823e+221
1.52915e+221 1.52915e+221
-1.77382e+221 -1.77382e+221
2.05763e+221 2.05763e+221
-2.38685e+221 -2.38685e+221
2.76874e+221 2.76874e+221
-3.21174e+221 -3.21174e+221
3.72562e+221 3.72562e+221
-4.32172e+221 -4.32172e+221
5.01319e+221 5.01319e+221
-5.8153e+221 -5.8153e+221
6.74575e+221 6.74575e+221
-7.82507e+221 -7.82507e+221
9.07708e+221 9.07708e+221
-1.05294e+222 -1.05294e+222
1.22141e+222 1.22141e+222
-1.41684e+222 -1.41684e+222
1.64353e+222 1.64353e+222
-1.9065e+222 -1.9065e+222
2.21154e+222 2.21154e+222
-2.56538e+222 -2.56538e+222
2.97584e+222 2.97584e+222
-3.45198e+222 -3.45198e+222
4.0043e+222 4.0043e+222
-4.64498e+222 -4.64498e+222
5.38818e+222 5.38818e+222
-6.25029e+222 -6.25029e+222
7.25034e+222 7.25034e+222
-8.41039e+222 -8.41039e+222
9.75605e+222 9.75605e+222
-1.1317e+223 -1.1317e+223
1.31277e+223 1.31277e+223
-1.52282e+223 -1.52282e+223
1.76647e+223 1.76647e+223
-2.0491e+223 -2.0491e+223
2.37696e+223 2.37696e+223
-2.75727e+223 -2.75727e+223
3.19844e+223 3.19844e+223
-3.71019e+223 -3.71019e+223
4.30382e+223 4.30382e+223
-4.99243e+223 -4.99243e+223
5.79122e+223 5.79122e+223
-6.71781e+223 -6.71781e+223
7.79266e+223 7.79266e+223
-9.03949e+223 -9.03949e+223
1.04858e+224 1.04858e+224
-1.21635e+224 -1.21635e+224
1.41097e+224 1.41097e+224
-1.63673e+224 -1.63673e+224
1.8986e+224 1.8986e+224
-2.20238e+224 -2.20238e+224
2.55476e+224 2.55476e+224
-2.96352e+224 -2.96352e+224
3.43768e+224 3.43768e+224
-3.98771e+224 -3.98771e+224
4.62575e+224 4.62575e+224
-5.36587e+224 -5.36587e+224
6.2244e+224 6.2244e+224
-7.22031e+224 -7.22031e+224
8.37556e+224 8.37556e+224
-9.71565e+224 -9.71565e+224
1.12702e+225 1.12702e+225
-1.30734e+225 -1.30734e+225
1.51651e+225 1.51651e+225
-1.75915e+225 -1.75915e+225
2.04062e+225 2.04062e+225
-2.36712e+225 -2.36712e+225
2.74586e+225 2.74586e+225
-3.18519e+225 -3.18519e+225
3.69482e+225 3.69482e+225
-4.28599e+225 -4.28599e+225
4.97175e+225 4.97175e+225
-5.76723e+225 -5.76723e+225
6.68999e+225 6.68999e+225
-7.76039e+225 -7.76039e+225
9.00205e+225 9.00205e+225
-1.04424e+226 -1.04424e+226
1.21132e+226 1.21132e+226
-1.40513e+226 -1.40513e+226
1.62995e+226 1.62995e+226
-1.89074e+226 -1.89074e+226
2.19326e+226 2.19326e+226
-2.54418e+226 -2.54418e+226
2.95125e+226 2.95125e+226
-3.42345e+226 -3.42345e+226
3.9712e+226 3.9712e+226
-4.60659e+226 -4.60659e+226
5.34364e+226 5.34364e+226
-6.19863e+226 -6.19863e+226
7.19041e+226 7.19041e+226
-8.34087e+226 -8.34087e+226
9.67541e+226 9.67541e+226
-1.12235e+227 -1.12235e+227
1.30192e+227 1.30192e+227
-1.51023e+227 -1.51023e+227
1.75187e+227 1.75187e+227
-2.03217e+227 -2.03217e+227
2.35731e+227 2.35731e+227
-2.73448e+227 -2.73448e+227
3.172e+227 3.172e+227
-3.67952e+227 -3.67952e+227
4.26824e+227 4.26824e+227
-4.95116e+227 -4.95116e+227
5.74335e+227 5.74335e+227
-6.66229e+227 -6.66229e+227
7.72825e+227 7.72825e+227
-8.96477e+227 -8.96477e+227
1.03991e+228 1.03991e+228
-1.2063e+228 -1.2063e+228
1.39931e+228 1.39931e+228
-1.6232e+228 -1.6232e+228
1.88291e+228 1.88291e+228
-2.18417e+228 -2.18417e+228
2.53364e+228 2.53364e+228
-2.93902e+228 -2.93902e+228
3.40927e+228 3.40927e+228
-3.95475e+228 -3.95475e+228
4.58751e+228 4.58751e+228
-5.32151e+228 -5.32151e+228
6.17295e+228 6.17295e+228
-7.16063e+228 -7.16063e+228
8.30633e+228 8.30633e+228
-9.63534e+228 -9.63534e+228
1.1177e+229 1.1177e+229
-1.29653e+229 -1.29653e+229
1.50398e+229 1.50398e+229
-1.74461e+229 -1.74461e+229
2.02375e+229 2.02375e+229
-2.34755e+229 -2.34755e+229
2.72316e+229 2.72316e+229
-3.15886e+229 -3.15886e+229
3.66428e+229 3.66428e+229
-4.25057e+229 -4.25057e+229
4.93066e+229 4.93066e+229
-5.71956e+229 -5.71956e+229
6.63469e+229 6.63469e+229
-7.69625e+229 -7.69625e+229
8.92764e+229 8.92764e+229
-1.03561e+230 -1.03561e+230
1.2013e+230 1.2013e+230
-1.39351e+230 -1.39351e+230
1.61647e+230 1.61647e+230
-1.87511e+230 -1.87511e+230
2.17513e+230 2.17513e+230
-2.52315e+230 -2.52315e+230
2.92685e+230 2.92685e+230
-3.39515e+230 -3.39515e+230
3.93837e+230 3.93837e+230
-4.56851e+230 -4.56851e+230
5.29947e+230 5.29947e+230
-6.14739e+230 -6.14739e+230
7.13097e+230 7.13097e+230
-8.27193e+230 -8.27193e+230
9.59544e+230 9.59544e+230
-1.11307e+231 -1.11307e+231
1.29116e+231 1.29116e+231
-1.49775e+231 -1.49775e+231
1.73739e+231 1.73739e+231
-2.01537e+231 -2.01537e+231
2.33783e+231 2.33783e+231
-2.71188e+231 -2.71188e+231
3.14578e+231 3.14578e+231
-3.64911e+231 -3.64911e+231
4.23296e+231 4.23296e+231
-4.91024e+231 -4.91024e+231
5.69588e+231 5.69588e+231
-6.60722e+231 -6.60722e+231
7.66437e+231 7.66437e+231
-8.89067e+231 -8.89067e+231
1.03132e+232 1.03132e+232
-1.19633e+232 -1.19633e+232
1.38774e+232 1.38774e+232
-1.60978e+232 -1.60978e+232
1.86734e+232 1.86734e+232
-2.16612e+232 -2.16612e+232
2.5127e+232 2.5127e+232
-2.91473e+232 -2.91473e+232
3.38109e+232 3.38109e+232
-3.92206e+232 -3.92206e+232
4.54959e+232 4.54959e+232
-5.27753e+232 -5.27753e+232
6.12193e+232 6.12193e+232
-7.10144e+232 -7.10144e+232
8.23767e+232 8.23767e+232
-9.5557e+232 -9.5557e+232
1.10846e+233 1.10846e+233
-1.28581e+233 -1.28581e+233
1.49154e+233 1.49154e+233
-1.73019e+233 -1.73019e+233
2.00702e+233 2.00702e+233
-2.32815e+233 -2.32815e+233
2.70065e+233 2.70065e+233
-3.13275e+233 -3.13275e+233
3.63399e+233 3.63399e+233
-4.21543e+233 -4.21543e+233
4.8899e+233 4.8899e+233
-5.67229e+233 -5.67229e+233
6.57985e+233 6.57985e+233
-7.63263e+233 -7.63263e+233
8.85385e+233 8.85385e+233
-1.02705e+234 -1.02705e+234
1.19137e+234 1.19137e+234
-1.38199e+234 -1.38199e+234
1.60311e+234 1.60311e+234
-1.85961e+234 -1.85961e+234
2.15715e+234 2.15715e+234
-2.50229e+234 -2.50229e+234
2.90266e+234 2.90266e+234
-3.36709e+234 -3.36709e+234
3.90582e+234 3.90582e+234
-4.53075e+234 -4.53075e+234
5.25567e+234 5.25567e+234
-6.09658e+234 -6.09658e+234
7.07203e+234 7.07203e+234
-8.20355e+234 -8.20355e+234
9.51612e+234 9.51612e+234
-1.10387e+235 -1.10387e+235
1.28049e+235 1.28049e+235
-1.48537e+235 -1.48537e+235
1.72303e+235 1.72303e+235
-1.99871e+235 -1.99871e+235
2.3185e+235 2.3185e+235
-2.68947e+235 -2.68947e+235
3.11978e+235 3.11978e+235
-3.61894e+235 -3.61894e+235
4.19798e+235 4.19798e+235
-4.86965e+235 -4.86965e+235
5.6488e+235 5.6488e+235
-6.5526e+235 -6.5526e+235
7.60102e+235 7.60102e+235
-8.81718e+235 -8.81718e+235
1.02279e+236 1.02279e+236
-1.18644e+236 -1.18644e+236
1.37627e+236 1.37627e+236
-1.59647e+236 -1.59647e+236
1.85191e+236 1.85191e+236
-2.14822e+236 -2.14822e+236
2.49193e+236 2.49193e+236
-2.89064e+236 -2.89064e+236
3.35314e+236 3.35314e+236
-3.88964e+236 -3.88964e+236
4.51199e+236 4.51199e+236
-5.2339e+236 -5.2339e+236
6.07133e+236 6.07133e+236
-7.04274e+236 -7.04274e+236
8.16958e+236 8.16958e+236
-9.47671e+236 -9.47671e+236
1.0993e+237 1.0993e+237
-1.27519e+237 -1.27519e+237
1.47922e+237 1.47922e+237
-1.71589e+237 -1.71589e+237
1.99043e+237 1.99043e+237
-2.3089e+237 -2.3089e+237
2.67833e+237 2.67833e+237
-3.10686e+237 -3.10686e+237
3.60396e+237 3.60396e+237
-4.18059e+237 -4.18059e+237
4.84948e+237 4.84948e+237
-5.6254e+237 -5.6254e+237
6.52547e+237 6.52547e+237
-7.56954e+237 -7.56954e+237
8.78067e+237 8.78067e+237
-1.01856e+238 -1.01856e+238
1.18153e+238 1.18153e+238
-1.37057e+238 -1.37057e+238
1.58986e+238 1.58986e+238
-1.84424e+238 -1.84424e+238
2.13932e+238 2.13932e+238
-2.48161e+238 -2.48161e+238
2.87867e+238 2.87867e+238
-3.33925e+238 -3.33925e+238
3.87353e+238 3.87353e+238
-4.4933e+238 -4.4933e+238
5.21223e+238 5.21223e+238
-6.04618e+238 -6.04618e+238
7.01357e+238 7.01357e+238
-8.13575e+238 -8.13575e+238
9.43747e+238 9.43747e+238
-1.09475e+239 -1.09475e+239
1.26991e+239 1.26991e+239
-1.47309e+239 -1.47309e+239
1.70878e+239 1.70878e+239
-1.98219e+239 -1.98219e+239
2.29934e+239 2.29934e+239
-2.66724e+239 -2.66724e+239
3.09399e+239 3.09399e+239
-3.58903e+239 -3.58903e+239
4.16328e+239 4.16328e+239
-4.8294e+239 -4.8294e+239
5.60211e+239 5.60211e+239
-6.49844e+239 -6.49844e+239
7.53819e+239 7.53819e+239
-8.7443e+239 -8.7443e+239
1.01434e+240 1.01434e+240
-1.17663e+240 -1.17663e+240
1.36489e+240 1.36489e+240
-1.58328e+240 -1.58328e+240
1.8366e+240 1.8366e+240
-2.13046e+240 -2.13046e+240
2.47133e+240 2.47133e+240
-2.86675e+240 -2.86675e+240
3.32542e+240 3.32542e+240
-3.85749e+240 -3.85749e+240
4.47469e+240 4.47469e+240
-5.19064e+240 -5.19064e+240
6.02114e+240 6.02114e+240
-6.98453e+240 -6.98453e+240
8.10205e+240 8.10205e+240
-9.39838e+240 -9.39838e+240
1.09021e+241 1.09021e+241
-1.26465e+241 -1.26465e+241
1.46699e+241 1.46699e+241
-1.70171e+241 -1.70171e+241
1.97398e+241 1.97398e+241
-2.28982e+241 -2.28982e+241
2.65619e+241 2.65619e+241
-3.08118e+241 -3.08118e+241
3.57417e+241 3.57417e+241
-4.14603e+241 -4.14603e+241
4.8094e+241 4.8094e+241
-5.5789e+241 -5.5789e+241
6.47153e+241 6.47153e+241
-7.50697e+241 -7.50697e+241
8.70809e+241 8.70809e+241
-1.01014e+242 -1.01014e+242
1.17176e+242 1.17176e+242
-1.35924e+242 -1.35924e+242
1.57672e+242 1.57672e+242
-1.829e+242 -1.829e+242
2.12164e+242 2.12164e+242
-2.4611e+242 -2.4611e+242
2.85487e+242 2.85487e+242
-3.31165e+242 -3.31165e+242
3.84152e+242 3.84152e+242
-4.45616e+242 -4.45616e+242
5.16915e+242 5.16915e+242
-5.99621e+242 -5.99621e+242
6.9556e+242 6.9556e+242
-8.0685e+242 -8.0685e+242
9.35946e+242 9.35946e+242
-1.0857e+243 -1.0857e+243
1.25941e+243 1.25941e+243
-1.46091e+243 -1.46091e+243
1.69466e+243 1.69466e+243
-1.96581e+243 -1.96581e+243
2.28034e+243 2.28034e+243
-2.64519e+243 -2.64519e+243
3.06842e+243 3.06842e+243
-3.55937e+243 -3.55937e+243
4.12886e+243 4.12886e+243
-4.78948e+243 -4.78948e+243
5.5558e+243 5.5558e+243
-6.44473e+243 -6.44473e+243
7.47588e+243 7.47588e+243
-8.67203e+243 -8.67203e+243
1.00595e+244 1.00595e+244
-1.16691e+244 -1.16691e+244
1.35361e+244 1.35361e+244
-1.57019e+244 -1.57019e+244
1.82142e+244 1.82142e+244
-2.11285e+244 -2.11285e+244
2.45091e+244 2.45091e+244
-2.84305e+244 -2.84305e+244
3.29794e+244 3.29794e+244
-3.82561e+244 -3.82561e+244
4.43771e+244 4.43771e+244
-5.14774e+244 -5.14774e+244
5.97138e+244 5.97138e+244
-6.9268e+244 -6.9268e+244
8.03508e+244 8.03508e+244
-9.3207e+244 -9.3207e+244
1.0812e+245 1.0812e+245
-1.25419e+245 -1.25419e+245
1.45486e+245 1.45486e+245
-1.68764e+245 -1.68764e+245
1.95766e+245 1.95766e+245
-2.27089e+245 -2.27089e+245
2.63423e+245 2.63423e+245
-3.05571e+245 -3.05571e+245
3.54462e+245 3.54462e+245
-4.11176e+245 -4.11176e+245
