8.03093 8.83159 1.00582 2.99418 6.76394e-05 1 44 1.00137 2.99866 3.69644e-06 1 55 1.01418 3.01176 0.00302968 1 121 121
-5.71025 4.45243 0.994059 3.00594 7.0584e-05 1 62 0.998315 3.00159 5.40415e-06 1 67 0.981594 3.00398 0.0011866 1 115 115
-6.23972 2.85481 0.994263 3.00574 6.58268e-05 1 61 0.998438 3.00149 4.66843e-06 1 67 0.981135 2.99962 0.00183728 1 116 116
-2.88073 7.39827 0.993975 3.00603 7.26101e-05 1 62 0.998793 3.00128 3.12901e-06 1 67 0.987585 3.01407 0.000363099 1 112 112
-0.917506 -0.803531 1.006 2.994 7.20022e-05 1 48 1.00146 2.9986 4.11821e-06 1 58 0.991655 2.98345 0.00282344 1 106 106
-5.56689 8.27002 0.99372 3.00628 7.88811e-05 1 65 0.998704 3.00125 3.25435e-06 1 70 0.985329 3.01177 0.000387452 1 119 119
-4.73888 -8.11593 1.00596 2.99404 7.11522e-05 1 58 1.00128 2.99866 3.45233e-06 1 67 0.991494 2.98352 0.00284014 1 127 127
-9.15226 9.40727 0.994236 3.00576 6.64558e-05 1 69 0.998648 3.00139 3.76052e-06 1 73 0.984161 3.01 0.00048737 1 126 126
-6.72411 1.64783 0.993639 3.00636 8.09339e-05 1 59 0.998525 3.0014 4.1628e-06 1 67 0.981835 2.99682 0.00216249 1 118 118
-9.82594 0.720463 0.99378 3.00622 7.73763e-05 1 62 0.998635 3.00129 3.53935e-06 1 70 0.982221 2.99626 0.00218309 1 125 125
1.73392 -4.99862 1.00636 2.99364 8.07834e-05 1 62 1.00119 2.99873 3.04239e-06 1 70 1.00173 2.98119 0.00152434 1 118 118
6.50827 -3.87456 1.00591 2.99409 6.99231e-05 1 66 1.00131 2.99864 3.56889e-06 1 70 1.01169 2.98541 0.000383203 1 120 120
1.65471 8.96573 0.994109 3.00589 6.94156e-05 1 58 0.998855 3.0012 2.77374e-06 1 67 1.00199 3.01813 0.00195216 1 113 113
-5.07319 -5.26793 1.00628 2.99372 7.89769e-05 1 49 1.00119 2.99886 2.70891e-06 1 61 0.988949 2.98495 0.00307266 1 123 123
-7.77882 7.75316 0.994185 3.00582 6.76376e-05 1 67 0.998858 3.00117 2.67326e-06 1 73 0.984025 3.00865 0.000544666 1 123 123
-1.23871 1.49083 0.994009 3.00599 7.17768e-05 1 39 0.998766 3.00117 2.91524e-06 1 52 0.984541 2.98958 0.00302683 1 97 97
5.67173 -5.38384 1.00623 2.99377 7.77271e-05 1 66 1.00112 2.9989 2.46479e-06 1 73 1.00895 2.98394 0.000540212 1 122 122
8.93298 -5.98009 1.00589 2.99411 6.93237e-05 1 69 1.00123 2.99883 2.88142e-06 1 73 1.01238 2.98599 0.000360158 1 126 126
-6.9813 -7.94537 1.00619 2.99381 7.6554e-05 1 52 1.00107 2.99893 2.27809e-06 1 64 0.989324 2.98536 0.00289223 1 129 129
9.87594 -3.67135 1.00601 2.99399 7.23204e-05 1 68 1.00118 2.99878 2.8958e-06 1 73 1.01458 2.98904 0.000384961 1 125 125
1.75016 4.11062 0.993811 3.00619 7.65985e-05 1 32 0.998726 3.00125 3.17871e-06 1 46 1.01062 3.01573 0.0031371 1 83 83
9.94084 3.28087 1.0063 2.9937 7.94464e-05 1 62 1.00131 2.99877 3.24512e-06 1 70 1.01898 3.0006 0.00189277 1 120 120
-7.53675 5.79483 0.993988 3.00601 7.22898e-05 1 65 0.998988 3.00103 2.08122e-06 1 73 0.982787 3.00564 0.000864184 1 121 121
-2.19109 -0.627333 1.00607 2.99393 7.36059e-05 1 34 1.00106 2.99894 2.24302e-06 1 49 0.987466 2.98575 0.00322907 1 108 108
3.41309 1.82993 1.00606 2.99394 7.33996e-05 1 54 1.00137 2.99854 4.06292e-06 1 61 1.01666 2.99192 0.00063766 1 97 97
2.25331 8.77135 0.993813 3.00619 7.65653e-05 1 56 0.998993 3.00106 2.14691e-06 1 67 1.00401 3.01846 0.00237721 1 112 112
0.740671 -2.41948 1.00636 2.99364 8.08986e-05 1 57 1.00109 2.99885 2.51455e-06 1 67 0.999127 2.98175 0.00179675 1 111 111
-5.93147 3.77485 0.993768 3.00623 7.76695e-05 1 61 0.998368 3.00155 5.08743e-06 1 67 0.981938 3.00202 0.0013598 1 116 116
-5.4266 -6.42419 1.00626 2.99374 7.82954e-05 1 52 1.00107 2.99892 2.3108e-06 1 64 0.989446 2.98452 0.00306153 1 125 125
1.08056 -4.0849 1.00579 2.99421 6.71497e-05 1 61 1.00148 2.99844 4.6682e-06 1 67 1.00021 2.98154 0.00167339 1 116 116
3.46836 -9.73342 1.00588 2.99412 6.91417e-05 1 68 1.00142 2.99859 3.98839e-06 1 73 1.00348 2.98207 0.0011692 1 128 128
-0.175433 -6.78058 1.00626 2.99374 7.84437e-05 1 62 1.00126 2.99866 3.3978e-06 1 70 0.997748 2.98127 0.00211773 1 122 122
7.74707 -8.43798 1.00633 2.99367 8.0143e-05 1 69 1.00155 2.99849 4.68062e-06 1 73 1.0095 2.98389 0.000524148 1 128 128
-4.05244 5.79714 0.993652 3.00635 8.05842e-05 1 61 0.998507 3.0014 4.22159e-06 1 67 0.983836 3.00895 0.000549586 1 112 112
-4.7438 2.64913 0.994018 3.00598 7.1573e-05 1 58 0.998797 3.00114 2.77035e-06 1 67 0.981624 2.99888 0.00185964 1 112 112
7.32038 7.85268 1.00576 2.99424 6.64589e-05 1 46 1.00112 2.99884 2.61001e-06 1 58 1.01486 3.01141 0.00311286 1 118 118
-7.89969 8.0918 0.993987 3.00601 7.23094e-05 1 67 0.998831 3.0012 2.8042e-06 1 73 0.983805 3.00927 0.000540186 1 123 123
-8.79872 0.804835 0.993851 3.00615 7.56118e-05 1 61 0.998781 3.00115 2.82237e-06 1 70 0.982169 2.99601 0.0022393 1 123 123
-6.24437 9.89034 0.993926 3.00607 7.37972e-05 1 67 0.998614 3.00142 3.9329e-06 1 70 0.986817 3.01254 0.000332656 1 123 123
2.27068 -5.69805 1.00588 2.99412 6.90703e-05 1 64 1.00134 2.99858 3.83395e-06 1 70 1.0027 2.98154 0.0013421 1 120 120
4.83909 -5.52318 1.0059 2.9941 6.96912e-05 1 66 1.00109 2.99893 2.34038e-06 1 73 1.00774 2.98281 0.000712052 1 121 121
-5.49793 2.88103 0.994268 3.00573 6.57008e-05 1 60 0.998596 3.00133 3.76996e-06 1 67 0.981239 2.99966 0.00181211 1 114 114
-9.33332 -4.98009 0.993936 3.00606 7.3545e-05 1 50 0.998776 3.00128 3.13424e-06 1 61 0.98545 2.98876 0.00299771 1 128 128
-6.85031 0.710086 0.993832 3.00617 7.60874e-05 1 58 0.998669 3.00126 3.38801e-06 1 67 0.982461 2.99488 0.0023867 1 119 119
3.18456 -1.02103 1.0062 2.9938 7.67631e-05 1 59 1.00111 2.99882 2.6554e-06 1 67 1.00903 2.98337 0.000588583 1 107 107
-0.730321 8.03998 0.993917 3.00608 7.40095e-05 1 60 0.998723 3.00136 3.50034e-06 1 67 0.993866 3.01787 0.000907394 1 110 110
8.99419 9.8774 1.00602 2.99398 7.24047e-05 1 43 1.00129 2.99875 3.22083e-06 1 55 1.01382 3.01189 0.00297614 1 124 124
9.51989 0.420684 1.00589 2.99411 6.93554e-05 1 65 1.001 2.99899 2.01927e-06 1 73 1.01808 2.99453 0.000992848 1 120 120
-6.2878 -7.19108 1.00606 2.99394 7.34459e-05 1 52 1.00104 2.99896 2.18068e-06 1 64 0.989198 2.9849 0.00302946 1 127 127
-2.20435 -7.21126 1.0063 2.9937 7.92727e-05 1 60 1.00108 2.99885 2.50472e-06 1 70 0.994461 2.98235 0.00249377 1 124 124
-8.01866 4.73264 0.993662 3.00634 8.03402e-05 1 64 0.99849 3.00143 4.34079e-06 1 70 0.981816 3.00349 0.00120616 1 121 121
-7.64291 -3.90736 0.993865 3.00613 7.52733e-05 1 47 0.998668 3.00137 3.65571e-06 1 58 0.985806 2.98866 0.00293894 1 125 125
-3.53567 7.65634 0.993979 3.00602 7.25015e-05 1 63 0.998682 3.00133 3.5165e-06 1 67 0.986904 3.01344 0.000352733 1 114 114
8.19594 -5.18498 1.00595 2.99405 7.07809e-05 1 68 1.00112 2.99894 2.39517e-06 1 73 1.01244 2.98585 0.000366654 1 124 124
8.42515 5.10696 1.0059 2.9941 6.96032e-05 1 58 1.00127 2.99879 3.08664e-06 1 67 1.01746 3.00495 0.00233953 1 118 118
-8.18825 -0.84703 0.994075 3.00592 7.02073e-05 1 58 0.998685 3.00125 3.30456e-06 1 67 0.98328 2.993 0.00257921 1 123 123
-0.324531 -3.17245 1.00598 2.99402 7.14047e-05 1 57 1.00108 2.99886 2.46812e-06 1 67 0.996176 2.98218 0.00220643 1 114 114
-4.88742 1.2076 0.993769 3.00623 7.76532e-05 1 55 0.998633 3.00138 3.77706e-06 1 64 0.982107 2.99455 0.00252905 1 113 113
-0.701566 0.852694 1.0062 2.9938 7.68464e-05 1 34 1.00107 2.99891 2.34462e-06 1 49 0.98825 2.98517 0.00318351 1 97 97
5.80035 8.51343 0.994144 3.00586 6.85748e-05 1 39 0.998831 3.00122 2.87076e-06 1 52 1.01188 3.01365 0.00293497 1 117 117
-7.94042 -1.05941 0.993984 3.00602 7.23829e-05 1 57 0.998791 3.00115 2.79345e-06 1 67 0.982875 2.99222 0.00283399 1 122 122
-4.13597 -9.80332 1.0062 2.9938 7.6886e-05 1 61 1.00121 2.99873 3.10232e-06 1 70 0.99313 2.98287 0.00264387 1 129 129
-2.38128 -5.54075 1.00636 2.99364 8.08771e-05 1 57 1.0012 2.99874 3.05712e-06 1 67 0.993182 2.98278 0.00265442 1 121 121
-4.29156 1.661 0.993986 3.00601 7.2344e-05 1 55 0.9987 3.00132 3.42396e-06 1 64 0.98218 2.99549 0.00233223 1 111 111
-4.27778 4.52301 0.993889 3.00611 7.46777e-05 1 60 0.99862 3.0013 3.62361e-06 1 67 0.982227 3.00513 0.000981739 1 111 111
9.80643 2.21782 1.00628 2.99372 7.88929e-05 1 63 1.00139 2.99869 3.67498e-06 1 70 1.01869 2.99834 0.00151231 1 120 120
-4.15221 5.26361 0.994003 3.006 7.19242e-05 1 61 0.998546 3.00137 4.01166e-06 1 67 0.982649 3.00762 0.000737661 1 111 111
0.176509 -1.53655 1.00628 2.99372 7.88178e-05 1 54 1.00121 2.99881 2.8974e-06 1 64 0.996765 2.98218 0.00210091 1 108 108
8.27942 8.31008 1.00627 2.99373 7.8504e-05 1 48 1.0015 2.99845 4.68458e-06 1 58 1.01468 3.01071 0.00290751 1 121 121
-6.04557 -2.95506 0.994125 3.00588 6.90383e-05 1 43 0.998747 3.00122 3.06328e-06 1 55 0.985794 2.98799 0.00309452 1 121 121
3.12476 -1.35076 1.00582 2.99418 6.77049e-05 1 60 1.00118 2.99875 2.98301e-06 1 67 1.00793 2.98377 0.000602384 1 109 109
-5.64982 -5.08454 1.00626 2.99374 7.84019e-05 1 45 1.00113 2.9989 2.4999e-06 1 58 0.988504 2.98602 0.00292271 1 124 124
-8.46546 -9.47824 1.00629 2.99371 7.90909e-05 1 52 1.00109 2.99891 2.36341e-06 1 64 0.988573 2.98494 0.00316465 1 131 131
-4.65383 8.04729 0.993692 3.00631 7.9592e-05 1 64 0.998918 3.00108 2.34045e-06 1 70 0.986004 3.01249 0.00036102 1 117 117
-6.21538 9.13686 0.994262 3.00574 6.58529e-05 1 67 0.998601 3.00137 3.84055e-06 1 70 0.986179 3.01176 0.000346274 1 122 122
-6.85956 9.11423 0.993995 3.00601 7.21265e-05 1 67 0.998956 3.00108 2.25327e-06 1 73 0.985698 3.01113 0.000368691 1 123 123
7.36418 -4.56218 1.00598 2.99402 7.16377e-05 1 67 1.00103 2.99901 2.05356e-06 1 73 1.01219 2.98551 0.000379496 1 122 122
-5.85077 -0.184075 0.993801 3.0062 7.68619e-05 1 54 0.998727 3.00128 3.24865e-06 1 64 0.983041 2.99212 0.00281808 1 117 117
-2.59325 2.90091 0.994092 3.00591 6.97985e-05 1 54 0.998931 3.00109 2.32138e-06 1 64 0.98176 2.9995 0.0017381 1 103 103
-7.12614 -3.35171 0.993728 3.00627 7.86835e-05 1 47 0.99864 3.0014 3.81814e-06 1 58 0.985213 2.98844 0.00312861 1 123 123
2.74662 0.117457 1.00634 2.99366 8.03776e-05 1 56 1.00119 2.99879 2.88419e-06 1 64 1.00982 2.98379 0.000522644 1 101 101
3.21796 5.02951 1.00609 2.99391 7.41284e-05 1 26 1.00144 2.99859 4.07443e-06 1 40 1.01382 3.01265 0.00315385 1 99 99
-3.40283 -4.50406 1.00583 2.99417 6.78806e-05 1 53 1.0011 2.9989 2.41829e-06 1 64 0.990655 2.98407 0.00289558 1 120 120
1.73914 -1.00127 1.00584 2.99416 6.82728e-05 1 57 1.00138 2.99863 3.76245e-06 1 64 1.00339 2.98167 0.00124082 1 105 105
5.156 2.29595 1.00599 2.99401 7.17624e-05 1 57 1.00141 2.99858 3.98692e-06 1 64 1.01809 2.99694 0.00123935 1 106 106
8.76048 -6.47248 1.006 2.994 7.19708e-05 1 69 1.00129 2.99875 3.23476e-06 1 73 1.0115 2.98596 0.000355176 1 127 127
-7.22773 0.981165 0.993801 3.0062 7.68448e-05 1 59 0.998532 3.00139 4.12078e-06 1 67 0.981618 2.99549 0.00245444 1 119 119
0.323631 -7.93385 1.00605 2.99395 7.31295e-05 1 64 1.00103 2.99897 2.11099e-06 1 73 0.998831 2.9811 0.00197001 1 124 124
0.256213 -6.37798 1.00628 2.99372 7.89741e-05 1 62 1.00125 2.99868 3.33078e-06 1 70 0.9985 2.98109 0.00202583 1 121 121
-9.87708 8.64205 0.99425 3.00575 6.61319e-05 1 69 0.998597 3.00144 4.03549e-06 1 73 0.983878 3.00836 0.000570661 1 127 127
-2.84482 -9.85995 1.00591 2.99409 6.97382e-05 1 63 1.00139 2.99853 4.11891e-06 1 70 0.994586 2.98189 0.00257021 1 128 128
-8.52581 4.65912 0.994066 3.00593 7.04309e-05 1 65 0.99896 3.00105 2.18067e-06 1 73 0.981753 3.00318 0.00125129 1 122 122
-3.25935 7.47432 0.993644 3.00636 8.08043e-05 1 62 0.998758 3.00128 3.18e-06 1 67 0.987055 3.0136 0.000354209 1 113 113
-2.80691 7.23321 0.994148 3.00585 6.84804e-05 1 62 0.99884 3.00123 2.87002e-06 1 67 0.987821 3.01354 0.000339183 1 112 112
-1.36789 -5.63231 1.00625 2.99375 7.82254e-05 1 59 1.00142 2.99851 4.26153e-06 1 67 0.994974 2.98168 0.00254128 1 120 120
-7.11702 -2.93345 0.993748 3.00625 7.81757e-05 1 49 0.998869 3.00118 2.67979e-06 1 61 0.985229 2.9892 0.00294961 1 123 123
0.188689 -1.1493 1.00627 2.99373 7.86406e-05 1 53 1.00109 2.99892 2.36173e-06 1 64 0.996469 2.98194 0.00220295 1 106 106
-4.29183 6.6056 0.994172 3.00583 6.7929e-05 1 63 0.998394 3.0015 4.88342e-06 1 67 0.984721 3.01041 0.000436641 1 114 114
-3.91691 5.92663 0.993657 3.00634 8.04599e-05 1 61 0.998529 3.00138 4.09799e-06 1 67 0.98427 3.00936 0.000497277 1 112 112
-2.6804 -3.86164 1.00598 2.99402 7.1428e-05 1 53 1.00112 2.99888 2.50675e-06 1 64 0.991345 2.98386 0.00279387 1 118 118
